,word,count,cumsum,cumsum_percent
0,that,5780144318,5780144318,2.055882474898798
1,with,3728407608,9508551926,3.382002972737646
2,from,2435309730,11943861656,4.248194250914919
3,this,2073314950,14017176606,4.985631179155069
4,have,2004192852,16021369458,5.698482750682948
5,which,1982417434,18003786892,6.403589238734211
6,were,1638924997,19642711889,6.986522292587741
7,their,1475023760,21117735649,7.511158933371928
8,they,1399465778,22517201427,8.008921101394463
9,been,1135241132,23652442559,8.41270381332347
10,more,1124058520,24776501079,8.812509092377175
11,would,1085670908,25862171987,9.198660660654447
12,will,1057625262,26919797249,9.57483694995312
13,other,977408192,27897205441,9.9224816214707
14,than,874665974,28771871415,10.233582927667687
15,there,847782920,29619654335,10.535122465758253
16,time,845894700,30465549035,10.835990401516215
17,about,842674136,31308223171,11.135712846656189
18,into,840488586,32148711757,11.434657935090895
19,when,825675958,32974387715,11.728334466092257
20,also,819580027,33793967742,12.019842795571027
21,only,804340506,34598308248,12.305930730259275
22,them,803749112,35402057360,12.591808317853491
23,these,754863988,36156921348,12.860298438252146
24,some,744932297,36901853645,13.125256053517766
25,such,731892244,37633745889,13.385575581054166
26,what,681324230,38315070119,13.62790907086322
27,could,672626820,38987696939,13.867149064764167
28,first,599874946,39587571885,14.08051266275803
29,between,586031438,40173603323,14.288952400044868
30,most,572205388,40745808711,14.492474486088375
31,should,559047676,41304856387,14.691316635434394
32,your,554033800,41858890187,14.888375448719474
33,said,535636130,42394526317,15.078890576371276
34,over,533145046,42927671363,15.268519674945372
35,then,524541989,43452213352,15.45508883709854
36,like,518199328,43970412680,15.639402040770964
37,made,494462834,44464875514,15.815272645202711
38,people,480774670,44945650184,15.986274641701348
39,through,477963494,45423613678,16.156276758758523
40,very,476455426,45900069104,16.325742485995377
41,many,475798188,46375867292,16.494974446735807
42,must,459813998,46835681290,16.658521148719963
43,work,456524889,47292206179,16.82089797999171
44,those,455435988,47747642167,16.982887510815637
45,where,452571526,48200213693,17.143858209426767
46,well,451913220,48652126913,17.304594761675094
47,after,451299161,49103426074,17.465112905339275
48,because,449130230,49552556304,17.62485960334625
49,even,442291490,49994847794,17.782173897429914
50,used,430234818,50425082612,17.93519987286499
51,same,429367569,50854450181,18.087917385064138
52,each,416243646,51270693827,18.23596697864167
53,being,405922100,51676615927,18.3803454034096
54,years,405528714,52082144641,18.524583908594416
55,much,402404430,52484549071,18.667711168044036
56,life,396190474,52880739545,18.80862824682388
57,both,388738302,53269477847,18.9468947361077
58,before,384010208,53653488055,19.08347953630913
59,under,368087260,54021575315,19.214400860316722
60,make,362073270,54383648585,19.343183127587146
61,system,334136214,54717784799,19.46202873918415
62,just,330867234,55048652033,19.57971163955405
63,part,328520824,55377172857,19.696559968513178
64,good,327545065,55704717922,19.81306123938561
65,three,327534064,56032251986,19.92955859742095
66,long,323761188,56356013174,20.044714018435066
67,does,322668322,56678681496,20.15948072872965
68,back,320031244,56998712740,20.27330948278182
69,number,311465630,57310178370,20.384091618144122
70,know,309046334,57619224704,20.494013257993792
71,down,308266632,57927491336,20.60365757333576
72,different,306382318,58233873654,20.712631675631705
73,found,302920026,58536793680,20.820374309463517
74,world,299707712,58836501392,20.9269743870384
75,without,294501180,59131002572,21.03172260464147
76,during,291742404,59422744976,21.13548958044182
77,right,289575626,59712320602,21.23848587636428
78,case,289200862,60001521464,21.34134887617899
79,might,289043024,60290564488,21.444155736153544
80,state,285937820,60576502308,21.54585813676976
81,against,280621028,60857123336,21.64566946012317
82,another,279662438,61136785774,21.74513983206202
83,still,278662256,61415448030,21.844254459138387
84,while,275858382,61691306412,21.94237180394959
85,little,270119742,61961426154,22.038448028547066
86,high,269428716,62230854870,22.13427846892793
87,take,267599372,62498454242,22.22945824799945
88,great,265292516,62763746758,22.323817524232005
89,important,263808240,63027554998,22.417648872985865
90,within,262872534,63290427532,22.511147409709224
91,example,262620512,63553048044,22.604556307215187
92,year,261075970,63814124014,22.69741584182382
93,social,260351996,64074476010,22.79001787326696
94,place,259880706,64334356716,22.88245227622225
95,given,254757044,64589113760,22.973064294417988
96,order,251233108,64840346868,23.062422918603737
97,upon,250816102,65091162970,23.15163322204174
98,here,247737996,65338900966,23.23974870434153
99,form,247410512,65586311478,23.327747707090047
100,small,247397674,65833709152,23.41574214361708
101,children,246889920,66080599072,23.503555982136046
102,often,244196702,66324795774,23.59041189653017
103,point,242413878,66567209652,23.676633695854534
104,never,242258262,66809467914,23.762800145659988
105,power,241891956,67051359870,23.848836307700225
106,less,241881896,67293241766,23.934868891598363
107,however,239866270,67533108036,24.020184557381423
108,large,239766537,67772874573,24.10546475011821
109,need,234846350,68007720923,24.188994930109633
110,called,233754816,68241475739,24.272136873147467
111,information,230027884,68471503623,24.3539532205319
112,women,229436780,68700940403,24.435559323969542
113,come,227894592,68928834995,24.51661690178087
114,water,227702376,69156537371,24.597606112180586
115,fact,227008164,69383545535,24.6783484051668
116,group,219366746,69602912281,24.756372797615366
117,process,219160554,69822072835,24.834323851666834
118,public,218319686,70040392521,24.91197582567985
119,left,214517136,70254909657,24.988275308219496
120,since,214221054,70469130711,25.06446948027528
121,every,213129706,70682260417,25.140275481533976
122,government,212705904,70894966321,25.215930744842762
123,again,212330908,71107297229,25.291452629526017
124,possible,212292600,71319589829,25.366960888814898
125,political,212269118,71531858947,25.442460796023
126,data,210443648,71742302595,25.517311419826573
127,general,209939318,71952241913,25.591982663470837
128,hand,209620778,72161862691,25.66654060876691
129,development,209591932,72371454623,25.74108829411399
130,present,207018890,72578473513,25.814720799551377
131,thought,206910674,72785384187,25.888314814707954
132,came,206428938,72991813125,25.961737485942056
133,following,204161818,73195974943,26.03435378764279
134,think,204039234,73400014177,26.10692648865063
135,always,203365904,73603380081,26.179259699557413
136,family,202771318,73806151399,26.2513814280392
137,among,201189348,74007340747,26.322940481227793
138,control,199591128,74206931875,26.39393107932111
139,later,199068556,74406000431,26.464735808938205
140,second,198580792,74604581223,26.535367050593017
141,last,198120732,74802701955,26.605834658047815
142,rather,196313344,74999015299,26.675659413506175
143,change,195814276,75194829575,26.745306660394068
144,human,195551358,75390380933,26.814860392573888
145,find,193147982,75583528915,26.883559291668718
146,around,192443012,75775971927,26.95200744694323
147,others,191147020,75967118947,27.01999464361639
148,become,190997462,76158116409,27.08792864548087
149,value,190467518,76348583927,27.15567415679522
150,level,190225182,76538809109,27.22333347400991
151,course,188574036,76727383145,27.290405511402827
152,himself,188379686,76915762831,27.357408422362727
153,until,187612324,77103375155,27.424138397907715
154,means,185375098,77288750253,27.490072636621104
155,early,185147002,77473897255,27.555925746119858
156,though,184566808,77658464063,27.621572492142022
157,study,183881736,77842345799,27.686975571667062
158,shall,182556096,78024901895,27.7519071473863
159,home,181128704,78206030599,27.816331028135284
160,period,180529350,78386559949,27.880541730576407
161,things,178801670,78565361619,27.944137931572794
162,give,178436130,78743797749,28.007604117254935
163,several,177377520,78921175269,28.070693776396038
164,away,177359214,79098534483,28.13377692445671
165,area,175936870,79274471353,28.19635417302041
166,person,175622498,79450093851,28.258819605710688
167,above,175481202,79625575053,28.32123478222151
168,country,173668534,79799243587,28.383005228744807
169,problem,173587384,79972830971,28.44474681182566
170,body,173475418,80146306389,28.506448570825228
171,want,173168568,80319474957,28.568041189377304
172,known,172900942,80492375899,28.629538618679256
173,four,172599282,80664975181,28.69092875351359
174,something,171730728,80836705909,28.752009960949422
175,based,170944030,81007649939,28.812811355539374
176,school,170835178,81178485117,28.87357403363595
177,certain,170825926,81349311043,28.934333420979986
178,whether,168427320,81517738363,28.99423967183325
179,least,166635200,81684373563,29.053508501214274
180,best,166191192,81850564755,29.112619405772723
181,line,166188738,82016753493,29.171729437492132
182,going,165328840,82182082333,29.230533620580236
183,help,164267380,82346349713,29.28896026343894
184,seen,163956576,82510306289,29.34727635949092
185,took,163220362,82673526651,29.405330598852636
186,whole,163213528,82836740179,29.463382407496358
187,either,163194764,82999934943,29.521427542158136
188,taken,162996914,83162931857,29.57940230550646
189,side,162203518,83325135375,29.637094873663393
190,effect,162153714,83487289089,29.6947697275272
191,using,161505850,83648794939,29.752214149040107
192,name,161156438,83809951377,29.80953429164789
193,went,160483774,83970435151,29.86661518103758
194,better,159833810,84130268961,29.923464891148104
195,result,159513994,84289782955,29.980200849062594
196,economic,159402831,84449185786,30.036897268506934
197,itself,159371802,84608557588,30.093582651552563
198,words,159350986,84767908574,30.150260630760634
199,individual,159205652,84927114226,30.20688691755288
200,interest,158320936,85085435162,30.263198528444384
201,self,157699138,85243134300,30.319288978143227
202,days,157624962,85400759262,30.37535304491285
203,question,156594006,85557353268,30.43105042111971
204,child,155441768,85712795036,30.486337969166442
205,view,155304796,85868099832,30.54157679899459
206,common,155299786,86023399618,30.596813846865295
207,nature,154861904,86178261522,30.65189514880988
208,book,154818455,86333079977,30.70696099680856
209,rate,153919332,86486999309,30.761707044622888
210,particular,153149332,86640148641,30.816179218738114
211,problems,152907568,86793056209,30.870565402202715
212,business,151634242,86944690451,30.92449868891176
213,type,151525646,87096216097,30.978393350181555
214,times,151169740,87247385837,31.032161422759465
215,terms,151024190,87398410027,31.08587772609464
216,sense,150997224,87549407251,31.139584438159464
217,head,150953465,87700360716,31.19327558601754
218,next,150441944,87850802660,31.246784796020506
219,support,149732420,88000535080,31.30004164243584
220,once,148829636,88149364716,31.352977386521868
221,almost,148346182,88297710898,31.40574117562696
222,century,148242746,88445953644,31.45846817460226
223,position,147911728,88593865372,31.51107743705272
224,history,147859218,88741724590,31.56366802273962
225,local,146821988,88888546578,31.615889686326636
226,having,146516558,89035063136,31.668002714531944
227,themselves,146442622,89181505758,31.72008944517126
228,light,145937220,89327442978,31.771996414362174
229,making,145922602,89473365580,31.823898184220965
230,became,145884896,89619250476,31.875786542804825
231,action,145245182,89764495658,31.927447367830837
232,together,145214090,89909709748,31.97909713405028
233,members,144115378,90053825126,32.03035611024417
234,necessary,144075916,90197901042,32.08160105058882
235,young,143336922,90341237964,32.13258314545245
236,various,142651708,90483889672,32.18332152331238
237,experience,142400244,90626289916,32.23397046042442
238,house,141761026,90768050942,32.28439204039596
239,already,141713330,90909764272,32.33479665584808
240,cases,141349770,91051114042,32.385071960232615
241,able,141268634,91192382676,32.435318406154224
242,mind,140863730,91333246406,32.485420835769006
243,further,140605420,91473851826,32.535431389649744
244,done,140592908,91614444734,32.58543749326071
245,enough,140248352,91754693086,32.635321045149254
246,asked,140075682,91894768768,32.68514318174998
247,class,139920938,92034689706,32.73491027898488
248,policy,139349004,92174038710,32.78447395066104
249,along,138985320,92313024030,32.83390826716528
250,land,138730086,92451754116,32.88325180200755
251,look,138698770,92590452886,32.93258419837092
252,groups,138543574,92728996460,32.981861394601026
253,results,138352036,92867348496,33.03107046457065
254,face,138165868,93005514364,33.08021331828207
255,five,137904368,93143418732,33.12926316163984
256,conditions,137441496,93280860228,33.178148370625074
257,including,137002732,93417862960,33.22687751997433
258,full,136164606,93554027566,33.27530856456004
259,free,136099891,93690127457,33.32371659130622
260,research,136019928,93826147385,33.37209617680227
261,told,135523078,93961670463,33.42029904262638
262,major,134801680,94096472143,33.46824532151702
263,subject,134740906,94231213049,33.5161699843035
264,usually,134389478,94365602527,33.563969651133725
265,analysis,133800862,94499403389,33.611559958949314
266,real,133308806,94632712195,33.6589752522235
267,available,133197536,94765909731,33.70635096896976
268,love,132697284,94898607015,33.75354875602029
269,death,132295362,95030902377,33.80060358740213
270,kind,132201886,95163104263,33.84762517122826
271,therefore,132146990,95295251253,33.89462722963804
272,matter,131778870,95427030123,33.941498355078856
273,true,131775322,95558805445,33.98836821856656
274,language,131507424,95690312869,34.03514279605916
275,knowledge,131370048,95821682917,34.081868511638405
276,model,130597408,95952280325,34.128319414523006
277,production,130482682,96082763007,34.17472951164917
278,half,129954036,96212717043,34.220951579898006
279,room,129945118,96342662161,34.26717047619147
280,nothing,129891154,96472553315,34.31337017856246
281,shown,129816270,96602369585,34.359543246182696
282,function,129745680,96732115265,34.405691206342645
283,ever,129688882,96861804147,34.45181896458264
284,changes,129600300,96991404447,34.497915215965484
285,show,129230144,97120634591,34.54387981021461
286,students,128430548,97249065139,34.58956000405555
287,role,127967226,97377032365,34.6350754034679
288,provide,127326028,97504358393,34.6803627414931
289,open,127139408,97631497801,34.72558370249267
290,total,126968310,97758466111,34.770743807333595
291,whose,126598206,97885064317,34.81577227353616
292,term,126509468,98011573785,34.86076917739547
293,especially,126390584,98137964369,34.90572379657836
294,field,126308542,98264272911,34.950649235052126
295,similar,126232626,98390505537,34.99554767171325
296,thus,126227736,98516733273,35.04044436909854
297,began,126216122,98642949395,35.08533693561481
298,white,125528270,98768477665,35.12998484684321
299,held,125291934,98893769599,35.1745486980527
300,service,125045854,99018815453,35.21902502349613
301,money,124795638,99143611091,35.26341235208048
302,single,124209838,99267820929,35.30759132324543
303,eyes,124200928,99392021857,35.35176712530045
304,mother,123937586,99515959443,35.395849261839004
305,specific,122627758,99638587201,35.43946551858596
306,care,122569420,99761156621,35.48306102566557
307,short,122509348,99883665969,35.52663516632848
308,structure,122161322,100005827291,35.57008552105893
309,society,121775740,100127603031,35.61339873193399
310,areas,121565814,100249168845,35.65663727630236
311,education,121340536,100370509381,35.699795693762695
312,woman,121256018,100491765399,35.74292404984991
313,required,121220508,100612985907,35.78603977573576
314,clear,120958946,100733944853,35.829062469215785
315,quite,119614426,100853559279,35.871606943649184
316,community,119474792,100973034071,35.91410175304348
317,percent,119425036,101092459107,35.9565788652173
318,theory,119354864,101211813971,35.99903101860513
319,word,118716278,101330530249,36.0412560396423
320,father,118562736,101449092985,36.08342644884115
321,evidence,118230474,101567323459,36.12547867904908
322,reason,117716782,101685040241,36.167348199220335
323,past,117420340,101802460581,36.20911228086288
324,thing,117088854,101919549435,36.25075845952229
325,national,116970966,102036520401,36.292362707762685
326,night,116959898,102153480299,36.333963019335414
327,program,116905270,102270385569,36.37554390081408
328,market,116645634,102387031203,36.417032434926845
329,section,116315047,102503346250,36.45840338581291
330,considered,116307932,102619654182,36.49977180603485
331,material,116168356,102735822538,36.54109058184716
332,values,115750988,102851573526,36.582260908155504
333,increase,115516606,102967090132,36.62334786944393
334,higher,115500854,103082590986,36.66442922805898
335,systems,115033922,103197624908,36.70534450824016
336,really,114430692,103312055600,36.74604523149732
337,countries,114160500,103426216100,36.78664985282914
338,growth,114102338,103540318438,36.82723378709332
339,felt,113966986,103654285424,36.86776957934072
340,working,113840964,103768126388,36.90826054806695
341,special,113016784,103881143172,36.9484583723447
342,force,112931478,103994074650,36.98862585497339
343,although,112877198,104106951848,37.028774031284705
344,seems,112826764,104219778612,37.068904269224404
345,method,112643824,104332422436,37.10896943904136
346,city,112326250,104444748686,37.14892165409713
347,toward,111756600,104556505286,37.188671255967584
348,future,111603326,104668108612,37.22836634132199
349,company,111575926,104779684538,37.26805168104087
350,party,111034528,104890719066,37.307544456249445
351,knew,110638546,105001357612,37.346896388529295
352,mean,110111808,105111469420,37.38606097056951
353,energy,110108546,105221577966,37.42522439238115
354,situation,109776078,105331354044,37.464269561931765
355,cost,109520430,105440874474,37.50322380256883
356,greater,109243136,105550117610,37.5420794152403
357,population,108704870,105658822480,37.580743577391615
358,brought,107676158,105766498638,37.61904184712638
359,approach,107624442,105874123080,37.65732172250761
360,treatment,107430624,105981553704,37.695532660677664
361,black,107141294,106088694998,37.73364068991607
362,probably,106905770,106195600768,37.771664947947855
363,cause,106842340,106302443108,37.80966664518907
364,effects,106656112,106409099220,37.84760210483128
365,looked,106652884,106515752104,37.885536416338034
366,provided,106244856,106621996960,37.923325600393234
367,personal,106188682,106728185642,37.96109480447289
368,idea,106016686,106834202328,37.998802832993135
369,relationship,105592190,106939794518,38.03635987672146
370,studies,105367544,107045162062,38.0738370183316
371,surface,105199406,107150361468,38.11125435659626
372,account,105175722,107255537190,38.14866327093276
373,described,105062984,107360600174,38.1860320866029
374,health,104968220,107465568394,38.22336719660133
375,natural,104800484,107570368878,38.26064264623769
376,activity,104588332,107674957210,38.29784263762339
377,difficult,104531274,107779488484,38.335022334612304
378,gave,104444584,107883933068,38.37217119769087
379,include,104137300,107988070368,38.40921076595676
380,close,103954390,108092024758,38.446185276770315
381,basis,103935580,108195960338,38.483153097240645
382,amount,103477480,108299437818,38.51995798064402
383,read,103372388,108402810206,38.55672548491132
384,keep,103146684,108505956890,38.59341271075085
385,feel,103050640,108609007530,38.63006577564809
386,related,102750144,108711757674,38.666611960089384
387,lower,102717842,108814475516,38.70314665535117
388,states,102245360,108916720876,38.73951329815438
389,likely,102190496,109018911372,38.77586042692301
390,main,102144510,109121055882,38.81219119938524
391,perhaps,101769450,109222825332,38.848388570458404
392,current,101291836,109324117168,38.88441606372258
393,tell,101220196,109425337364,38.92041807606234
394,living,101141440,109526478804,38.95639207645789
395,turn,101122020,109627600824,38.992359169545324
396,services,100872366,109728473190,39.028237465665924
397,needs,100845532,109829318722,39.06410621746594
398,size,100699612,109930018334,39.09992306842159
399,developed,100272296,110030290630,39.13558793156736
400,across,100181358,110130471988,39.17122044987359
401,practice,100067166,110230539154,39.206812352354554
402,heart,99994748,110330533902,39.24237849719196
403,patients,99957766,110430491668,39.27793148826685
404,food,98756550,110529248218,39.31305723068028
405,call,98612866,110627861084,39.34813186755009
406,third,98470160,110726331244,39.38315574673145
407,play,98257732,110824588976,39.41810406949443
408,particularly,97886908,110922475884,39.45292049752938
409,movement,97831746,111020307630,39.48771730553706
410,range,97797742,111118105372,39.52250201899765
411,story,97786580,111215891952,39.557282762356635
412,activities,97322272,111313214224,39.591898360586434
413,management,97029088,111410243312,39.626409679093385
414,turned,97023541,111507266853,39.66091902464265
415,believe,96993954,111604260807,39.69541784668396
416,test,96977376,111701238183,39.72991077226009
417,seemed,96940806,111798178989,39.764390690613915
418,written,96870294,111895049283,39.79884552925051
419,return,96418338,111991467621,39.83313961611885
420,forms,96124488,112087592109,39.867329186381376
421,space,96103830,112183695939,39.90151140900381
422,strong,96089186,112279785125,39.935688423046436
423,trade,96026086,112375811211,39.96984299367294
424,addition,95829284,112471640495,40.00392756573876
425,near,95594548,112567235043,40.03792864687389
426,blood,95549682,112662784725,40.07191377006436
427,rights,95286354,112758071079,40.10580523271791
428,makes,95051166,112853122245,40.13961304367335
429,ways,95016970,112948139215,40.17340869179111
430,influence,94743030,113042882245,40.20710690489441
431,property,94664760,113137547005,40.24077727891404
432,longer,94433114,113231980119,40.27436526105458
433,foreign,94247124,113326227243,40.30788709024799
434,increased,94165510,113420392753,40.34137989096337
435,involved,94133592,113514526345,40.37486133908039
436,whom,93973966,113608500311,40.4082860114012
437,hard,93970614,113702470925,40.44170949148222
438,pressure,93903208,113796374133,40.47510899658848
439,outside,93821214,113890195347,40.50847933805827
440,anything,93707686,113983903033,40.541809299874416
441,significant,93630590,114077533623,40.57511184017535
442,hands,93425152,114170958775,40.60834131026201
443,moment,93228384,114264187159,40.64150079388111
444,income,93180904,114357368063,40.6746433898077
445,court,93082664,114450450727,40.70775104371844
446,late,93039272,114543489999,40.74084326395704
447,physical,92942120,114636432119,40.77390092915977
448,patient,92787082,114729219201,40.80690345042672
449,cells,92759444,114821978645,40.839896141406264
450,attention,92757818,114914736463,40.87288825404992
451,says,92756776,115007493239,40.90587999607489
452,private,92703793,115100197032,40.938852893099586
453,wanted,92683656,115192880688,40.971818627793546
454,response,92148088,115285028776,41.004593871592334
455,sometimes,91911986,115376940762,41.03728513860137
456,generally,91845626,115468786388,41.06995280267708
457,soon,91801080,115560587468,41.10260462262577
458,needed,91713560,115652301028,41.13522531344959
459,shows,91481796,115743782824,41.16776357042408
460,questions,91344360,115835127184,41.20025294414439
461,simply,90638194,115925765378,41.232491148650944
462,decision,90614044,116016379422,41.26472076348239
463,months,90172086,116106551508,41.29679318263552
464,paper,90152328,116196703836,41.328858574260664
465,below,89869020,116286572856,41.360823198859904
466,established,89775546,116376348402,41.3927545766148
467,chapter,89697792,116466046194,41.42465829881697
468,purpose,89197988,116555244182,41.4563842506681
469,behavior,89101518,116644345700,41.48807589005721
470,simple,89044146,116733389846,41.519747123365974
471,behind,88565108,116821954954,41.551247972377254
472,received,88530476,116910485430,41.582736503474315
473,understand,88406522,116998891952,41.614180946596704
474,culture,88119504,117087011456,41.645523303119916
475,factors,88110840,117175122296,41.6768625780305
476,associated,87396412,117262518708,41.70794774509809
477,military,87138616,117349657324,41.73894121925123
478,ground,87071416,117436728740,41.769910791699715
479,levels,86769066,117523497806,41.800772824261294
480,plan,86714696,117610212502,41.831615518494274
481,according,86590766,117696803268,41.86241413328891
482,price,86448524,117783251792,41.89316215543067
483,capital,86333224,117869585016,41.923869167653606
484,doing,85934982,117955519998,41.95443453311072
485,sure,85815892,118041335890,41.98495754062131
486,live,85690333,118127026223,42.01543588929062
487,earlier,85446724,118212472947,42.04582759107946
488,building,85278226,118297751173,42.07615936147798
489,continued,85242624,118382993797,42.106478468952545
490,workers,85165144,118468158941,42.13677001833075
491,types,85103922,118553262863,42.16703979226011
492,design,85072754,118638335617,42.19729848035122
493,quality,85043542,118723379159,42.22754677831442
494,normal,84995890,118808375049,42.257778127408116
495,performance,84966342,118893341391,42.28799896686537
496,hours,84924446,118978265837,42.318204904747965
497,table,84914490,119063180327,42.348407301479185
498,source,84849940,119148030267,42.37858673905811
499,issue,84495056,119232525323,42.408639951450226
500,points,84393278,119316918601,42.43865696343022
501,complete,84182970,119401101571,42.4685991730337
502,parts,83891564,119484993135,42.4984377353136
503,respect,83857328,119568850463,42.52826412052861
504,difference,83715096,119652565559,42.55803991664756
505,alone,83654184,119736219743,42.58779404757851
506,office,83651920,119819871663,42.61754737324965
507,seem,83622240,119903493903,42.64729014233457
508,cent,83524090,119987017993,42.67699800141486
509,followed,83304418,120070322411,42.70662772752992
510,organization,83290412,120153612823,42.73625247198909
511,lines,83155274,120236768097,42.765829150547034
512,taking,83061458,120319829555,42.795372460618026
513,modern,83053354,120402882909,42.82491288825725
514,basic,82775432,120485658341,42.85435446456375
515,direct,82676264,120568334605,42.88376076878325
516,potential,82382504,120650717109,42.91306258840814
517,works,82149574,120732866683,42.94228155946065
518,wife,82148128,120815014811,42.971500016199705
519,beginning,82092772,120897107583,43.00069878390955
520,lost,82017062,120979124645,43.029870623076846
521,methods,81940196,121061064841,43.05901512253538
522,heard,81922472,121142987313,43.08815331791931
523,report,81757354,121224744667,43.11723278411175
524,character,81679502,121306424169,43.1462845598948
525,industry,81572348,121387996517,43.17529822312935
526,appear,81430618,121469427135,43.20426147581926
527,stage,81384210,121550811345,43.23320822210576
528,door,81314490,121632125835,43.26213017037369
529,issues,81221710,121713347545,43.29101911863927
530,front,81203808,121794551353,43.31990169951919
531,writing,80947848,121875499201,43.34869324051337
532,series,80528052,121956027253,43.37733546841224
533,produced,80426072,122036453325,43.40594142405159
534,original,80390994,122116844319,43.43453490314339
535,disease,80088150,122196932469,43.46302066664229
536,average,79828974,122276761443,43.49141424638815
537,poor,79764096,122356525539,43.519784750318635
538,religious,79688341,122436213880,43.548128309700964
539,loss,79673616,122515887496,43.57646663169339
540,cell,79558812,122595446308,43.604764120184335
541,understanding,79524532,122674970840,43.633049415960464
542,feet,79450098,122754420938,43.661308237041894
543,international,79315978,122833736916,43.68951935430446
544,object,79284280,122913021196,43.7177191972183
545,rest,79209202,122992230398,43.74589233637945
546,degree,79119150,123071349548,43.774033445833645
547,parents,78832088,123150181636,43.80207245303874
548,product,78697854,123228879490,43.830063715877436
549,effective,78633396,123307512886,43.8580320522864
550,rule,78138154,123385651040,43.885824240957064
551,central,78133488,123463784528,43.91361477002425
552,meaning,78025302,123541809830,43.94136681948104
553,today,77966046,123619775876,43.969097792756116
554,text,77799516,123697575392,43.99676953461936
555,million,77615476,123775190868,44.024375817111725
556,expected,77488430,123852679298,44.051936911866456
557,letter,77446166,123930125464,44.07948297415623
558,training,77434240,124007559704,44.10702479460479
559,beyond,77393022,124084952726,44.1345519546298
560,standard,77110746,124162063472,44.16197871469081
561,move,76972630,124239036102,44.189356349635155
562,lead,76952234,124315988336,44.216726730127604
563,published,76785170,124392773506,44.24403768927503
564,importance,76777490,124469550996,44.27134591679906
565,leave,76535206,124546086202,44.29856796871881
566,limited,76454862,124622541064,44.325761443874285
567,wrote,76363574,124698904638,44.35292244970217
568,region,76196004,124775100642,44.38002385421089
569,voice,75998510,124851099152,44.40705501402828
570,distribution,75960236,124927059388,44.43407256054442
571,relations,75893706,125002953094,44.4610664436616
572,forces,75885476,125078838570,44.48805739953132
573,added,75730342,125154568912,44.51499317731996
574,complex,75664814,125230233726,44.54190564810112
575,species,75514398,125305748124,44.56876461890005
576,final,75241778,125380989902,44.595526624182284
577,answer,75077024,125456066926,44.6222300297406
578,looking,75059572,125531126498,44.64892722796932
579,solution,75009004,125606135502,44.675606440165275
580,elements,74930722,125681066224,44.7022578090094
581,reported,74903832,125755970056,44.72889961361488
582,learning,74715982,125830686038,44.755474603708166
583,temperature,74633950,125905319988,44.78202041664915
584,becomes,74606682,125979926670,44.80855653090437
585,sent,74514600,126054441270,44.835059893421985
586,risk,74459572,126128900842,44.86154368357348
587,events,74389896,126203290738,44.88800269135633
588,included,74301304,126277592042,44.91443018872521
589,cultural,73861378,126351453420,44.94070121315781
590,condition,73768170,126425221590,44.96693908535696
591,obtained,73655736,126498877326,44.993136967016525
592,church,73406888,126572284214,45.019246338387426
593,appears,73258834,126645543048,45.045303049892546
594,products,73184582,126718727630,45.07133335143676
595,bring,73049382,126791777012,45.09731556502757
596,differences,73022252,126864799264,45.123288129016494
597,friends,72999572,126937798836,45.14925262618009
598,directly,72982022,127010780858,45.17521088115743
599,discussion,72974378,127083755236,45.201166417315875
600,resources,72820250,127156575486,45.22706713320744
601,costs,72784302,127229359788,45.25295506310974
602,else,72758544,127302118332,45.278833831403276
603,presence,72694852,127374813184,45.30468994571806
604,authority,72504012,127447317196,45.33047818203708
605,carried,72469656,127519786852,45.356254198609605
606,actually,72416160,127592203012,45.382011187717964
607,appropriate,72345960,127664548972,45.40774320808129
608,except,72139230,127736688202,45.43340169869161
609,town,72063468,127808751670,45.45903324226402
610,clearly,71990836,127880742506,45.48463895207732
611,ideas,71931306,127952673812,45.510223488252564
612,individuals,71492994,128024166806,45.53565212555923
613,produce,71475828,128095642634,45.56107465726081
614,project,71235860,128166878494,45.586411837113275
615,direction,70955748,128237834242,45.61164938669353
616,latter,70855304,128308689546,45.63685121033893
617,observed,70775030,128379464576,45.66202448211769
618,defined,70716438,128450181014,45.68717691388634
619,presented,70554628,128520735642,45.712271793053375
620,extent,70524592,128591260234,45.73735598901206
621,books,70431782,128661692016,45.762407174298
622,flow,70325604,128732017620,45.78742059417923
623,determined,70175318,128802192938,45.81238056031665
624,application,70128248,128872321186,45.8373237845904
625,towards,69959248,128942280434,45.862206898922416
626,morning,69784020,129012064454,45.887027688136826
627,environment,69730768,129081795222,45.91182953667303
628,member,69477404,129151272626,45.9365412686691
629,reading,69449224,129220721850,45.961242977599156
630,everything,69419962,129290141812,45.985934278617286
631,positive,69357210,129359499022,46.010603259995975
632,note,69341438,129428840460,46.035266631587675
633,consider,69279384,129498119844,46.059907931804666
634,middle,69254746,129567374590,46.08454046877465
635,status,69245424,129636620014,46.10916969009447
636,e.g.,69243748,129705863762,46.13379831529439
637,figure,69184440,129775048202,46.15840584581725
638,rules,69182936,129844231138,46.18301284139719
639,length,69158922,129913390060,46.207611295674525
640,image,69032400,129982422460,46.23216474859061
641,equal,69026130,130051448590,46.25671597139229
642,kept,68851384,130120299974,46.2812050405142
643,persons,68512228,130188812202,46.30557347858639
644,truth,68481158,130257293360,46.32993086567697
645,placed,68328172,130325621532,46.354233838687385
646,deal,68295158,130393916690,46.37852506927403
647,ability,68286396,130462203086,46.4028131833914
648,sound,68137082,130530340168,46.42704818948602
649,larger,67975566,130598315734,46.45122574754898
650,list,67944656,130666260390,46.47539231153917
651,primary,67904700,130734165090,46.49954466397412
652,music,67896414,130802061504,46.52369406924353
653,financial,67887340,130869948844,46.54784024707146
654,concerned,67797144,130937745988,46.5719543439745
655,hold,67697328,131005443316,46.596032938309804
656,volume,67696176,131073139492,46.620111122901605
657,expression,67561872,131140701364,46.64414153822941
658,recent,67559856,131208261220,46.66817123650607
659,created,67539402,131275800622,46.692193659701374
660,discussed,67512272,131343312894,46.716206433294786
661,started,67493502,131410806396,46.74021253077219
662,twenty,67487796,131478294192,46.76421659873878
663,comes,67454850,131545749042,46.78820894846784
664,schools,67440934,131613189976,46.812196348552234
665,programs,67299462,131680489438,46.83613342985746
666,legal,67288006,131747777444,46.86006643649114
667,factor,67083380,131814860824,46.883926661722796
668,meeting,66782878,131881643702,46.90768000436442
669,fire,66757952,131948401654,46.93142448132316
670,thinking,66610584,132015012238,46.955116542412696
671,scale,66598532,132081610770,46.97880431684532
672,wide,66549800,132148160570,47.00247475827391
673,follow,66546952,132214707522,47.026144186725496
674,concept,66404110,132281111632,47.04976280911614
675,applied,66390598,132347502230,47.073376625556875
676,throughout,66213772,132413716002,47.09692754850318
677,science,66205934,132479921936,47.12047568362864
678,page,66169874,132546091810,47.144010992928656
679,operation,66166220,132612258030,47.16754500257348
680,reached,65870562,132678128592,47.19097385254282
681,labor,65828566,132743957158,47.21438776536947
682,step,65796928,132809754086,47.23779042518821
683,former,65760460,132875514546,47.26118011406402
684,date,65673398,132941187944,47.284538836716465
685,entire,65669370,133006857314,47.30789612668934
686,occur,65644828,133072502142,47.331244687560506
687,materials,65643566,133138145708,47.35459279956335
688,provides,65638702,133203784410,47.377939181538046
689,manner,65391658,133269176068,47.40119769487103
690,talk,65350100,133334526168,47.42444142684923
691,tried,65324982,133399851150,47.44767622485395
692,site,65245816,133465096966,47.470882865085606
693,mass,65232094,133530329060,47.494084624674535
694,gives,65101730,133595430790,47.51724001637917
695,etc.,65075196,133660505986,47.54038597046726
696,rates,65066308,133725572294,47.56352876327038
697,statement,65009540,133790581834,47.58665136482394
698,base,64982200,133855564034,47.6097642420828
699,success,64977900,133920541934,47.6328755899171
700,friend,64969420,133985511354,47.655983921583896
701,meet,64826840,134050338194,47.67904154037795
702,coming,64733004,134115071198,47.70206578357145
703,interests,64672180,134179743378,47.7250683928768
704,takes,64515256,134244258634,47.74801518743364
705,built,64479174,134308737808,47.77094914834007
706,numbers,64347800,134373085608,47.79383638212528
707,unit,64311078,134437396686,47.8167105546248
708,content,64247226,134501643912,47.839562016236734
709,pattern,64196046,134565839958,47.86239527413969
710,deep,63849076,134629689034,47.8851051217084
711,passed,63741572,134693430606,47.90777673224054
712,hope,63735594,134757166200,47.930446216516884
713,start,63731430,134820897630,47.95311421974117
714,indeed,63647918,134884545548,47.97575251940654
715,demand,63601378,134948146926,47.998374265718724
716,share,63540526,135011687452,48.020974368183715
717,traditional,63335984,135075023436,48.043501719123825
718,paid,63256006,135138279442,48.06600062347861
719,processes,63220942,135201500384,48.08848705626535
720,instead,62957592,135264457976,48.11087982069021
721,lives,62785098,135327243074,48.13321123242694
722,attempt,62637878,135389880952,48.155490280935126
723,fall,62629126,135452510078,48.17776621653083
724,noted,62557410,135515067488,48.20001664417042
725,relation,62526716,135577594204,48.22225615456414
726,moved,62498854,135640093058,48.24448575499812
727,existence,62476216,135702569274,48.266707303545346
728,functions,62350230,135764919504,48.288884041375866
729,active,62114759,135827034263,48.310977026850814
730,follows,62084954,135889119217,48.33305941127953
731,choice,62069434,135951188651,48.35513627555264
732,lack,61929396,136013118047,48.377163331091886
733,minutes,61720288,136074838335,48.39911601107079
734,instance,61713574,136136551909,48.4210663030133
735,highly,61668840,136198220749,48.44300068396094
736,distance,61605338,136259826087,48.46491247850905
737,reasons,61585500,136321411587,48.48681721707476
738,useful,61530104,136382941691,48.50870225238406
739,relatively,61478332,136444420023,48.53056887342174
740,create,61459108,136505879131,48.552428656864635
741,context,61276830,136567155961,48.57422360764502
742,independent,61211096,136628367057,48.595995178147824
743,author,61194410,136689561467,48.61776081377201
744,week,61144778,136750706245,48.63950879628005
745,easily,61070030,136811776275,48.66123019240982
746,reference,60980986,136872757261,48.68291991735821
747,hundred,60911904,136933669165,48.70458507121196
748,weight,60889098,136994558263,48.72624211342469
749,feeling,60755592,137055313855,48.74785167020615
750,literature,60731326,137116045181,48.76945259605362
751,someone,60627464,137176672645,48.791016580251565
752,appeared,60543162,137237215807,48.81255057990329
753,trying,60393014,137297608821,48.83403117489505
754,moral,60390458,137357999279,48.85551086076841
755,immediately,60345184,137418344463,48.87697444357963
756,strength,60303348,137478647811,48.89842314615697
757,principle,60300564,137538948375,48.919870858520845
758,student,60298276,137599246651,48.94131775708858
759,i.e.,60272834,137659519485,48.96275560644248
760,myself,60211754,137719731239,48.984171730854115
761,security,60205750,137779936989,49.00558571976226
762,supply,60202152,137840139141,49.026998428933304
763,task,60077474,137900216615,49.04836679261726
764,economy,59968850,137960185465,49.06969652090292
765,develop,59930410,138020115875,49.091012576844435
766,relative,59754030,138079869905,49.11226589792484
767,actual,59559084,138139428989,49.13344988058689
768,allowed,59530988,138198959977,49.154623870060036
769,earth,59503560,138258463537,49.175788103938615
770,constant,59342312,138317805849,49.196894985107804
771,laws,59337440,138377143289,49.2180001334034
772,critical,59302242,138436445531,49.23909276246983
773,effort,59225738,138495671269,49.260158180583694
774,worked,59093320,138554764589,49.28117650024628
775,phase,59021186,138613785775,49.30216916327846
776,herself,59016680,138672802455,49.32316022361598
777,write,59010122,138731812577,49.34414895140321
778,serious,58913138,138790725715,49.36510318390885
779,additional,58897856,138849623571,49.38605198091076
780,medical,58843418,138908466989,49.40698141539782
781,staff,58835360,138967302349,49.42790798381441
782,easy,58699987,139026002336,49.44878640274493
783,access,58669410,139084671746,49.469653946044154
784,previous,58548978,139143220724,49.490478654074124
785,style,58538606,139201759330,49.5112996729898
786,finally,58431186,139260190516,49.53208248474605
787,opinion,58337732,139318528248,49.55283205677155
788,decided,58280396,139376808644,49.5735612355212
789,measure,57978204,139434786848,49.59418293058139
790,formed,57943456,139492730304,49.61479226646847
791,separate,57910546,139550640850,49.63538989692252
792,allow,57869354,139608510204,49.65597287620071
793,record,57848994,139666359198,49.676548613831464
794,dead,57780563,139724139761,49.697100011915346
795,features,57777960,139781917721,49.71765048416385
796,suggested,57589744,139839507465,49.73813401172125
797,determine,57502680,139897010145,49.75858657234393
798,variety,57428836,139954438981,49.77901286812318
799,computer,57396442,140011835423,49.799427642000346
800,learn,57395730,140069231153,49.81984216263326
801,remain,57395414,140126626567,49.84025657087125
802,inside,57346716,140183973283,49.86065365819833
803,historical,57288498,140241261781,49.881030038539684
804,sources,57273048,140298534829,49.90140092362305
805,parties,57267874,140355802703,49.92176996841743
806,nation,57146142,140412948845,49.94209571555838
807,gone,57130234,140470079079,49.962415804539845
808,negative,57118400,140527197479,49.982731684402665
809,failure,57051232,140584248711,50.00302367394261
810,born,57002482,140641251193,50.02329832407627
811,picture,56958806,140698209999,50.04355743952463
812,mentioned,56958476,140755168475,50.063816437598554
813,freedom,56955290,140812123765,50.08407430247558
814,caused,56659500,140868783265,50.10422696072735
815,agreement,56651612,140925434877,50.12437681337425
816,pain,56630462,140982065339,50.14451914338645
817,giving,56487764,141038553103,50.16461071855562
818,reality,56432100,141094985203,50.18468249514613
819,continue,56321346,141151306549,50.204714878739644
820,nearly,56312730,141207619279,50.22474419779318
821,goods,56252478,141263871757,50.24475208640761
822,dark,56217868,141320089625,50.26474766493278
823,essential,56123484,141376213109,50.28470967294467
824,wall,56061282,141432274391,50.304649556941214
825,hour,56023444,141488297835,50.324575982713036
826,companies,55932604,141544230439,50.34447009850198
827,popular,55918696,141600149135,50.364359267491686
828,fear,55911242,141656060377,50.38424578524171
829,hear,55866532,141711926909,50.404116400533184
830,plant,55712068,141767638977,50.42393207604926
831,getting,55710474,141823349451,50.44374718461121
832,remained,55591976,141878941427,50.46352014578927
833,remains,55526878,141934468305,50.48326995290231
834,rise,55525862,141989994167,50.50301939864434
835,places,55437906,142045432073,50.52273756018497
836,units,55387222,142100819295,50.542437694433964
837,center,55374138,142156193433,50.56213317496414
838,speak,55351258,142211544691,50.58182051753298
839,increasing,55309784,142266854475,50.60149310862416
840,completely,55261366,142322115841,50.621148478394886
841,planning,55167928,142377283769,50.64077061412573
842,efforts,55132584,142432416353,50.660380178698105
843,road,54988464,142487404817,50.679938482650336
844,died,54953338,142542358155,50.69948429298237
845,event,54950574,142597308729,50.71902912021452
846,forward,54948008,142652256737,50.73857303477146
847,certainly,54939758,142707196495,50.75811401496735
848,capacity,54919048,142762115543,50.77764762902777
849,changed,54903662,142817019205,50.79717577059372
850,cross,54865542,142871884747,50.81669035363318
851,industrial,54799060,142926683807,50.8361812903463
852,quickly,54658432,142981342239,50.8556222084743
853,merely,54613450,143035955689,50.87504712739875
854,construction,54573180,143090528869,50.89445772308442
855,circumstances,54537052,143145065921,50.9138554687584
856,compared,54532644,143199598565,50.93325164659437
857,require,54502052,143254100617,50.95263694346384
858,fine,54477350,143308577967,50.97201345432277
859,output,54443966,143363021933,50.99137809115629
860,offer,54424556,143417446489,51.01073582423851
861,contact,54390228,143471836717,51.03008134753326
862,families,54225556,143526062273,51.04936830026987
863,husband,54128944,143580191217,51.0686208900379
864,peace,54119324,143634310541,51.08787005816306
865,sample,54083322,143688393863,51.107106421092254
866,memory,54036018,143742429881,51.12632595892863
867,claim,54005920,143796435801,51.14553479150449
868,stood,53957594,143850393395,51.16472643548246
869,ones,53938910,143904332305,51.18391143393289
870,lived,53934186,143958266491,51.2030947521504
871,frequently,53819680,144012086171,51.2222373428591
872,reduced,53761104,144065847275,51.24135909924858
873,stand,53752676,144119599951,51.260477857965924
874,returned,53704240,144173304191,51.27957938896056
875,internal,53679004,144226983195,51.298671944011474
876,leaders,53647810,144280631005,51.317753403976454
877,miles,53595614,144334226619,51.33681629886143
878,majority,53541382,144387768001,51.35585990450166
879,growing,53473678,144441241679,51.37487942917448
880,principles,53459814,144494701493,51.393894022697985
881,technology,53434078,144548135571,51.412899462437686
882,doubt,53386584,144601522155,51.431888009505364
883,initial,53374438,144654896593,51.450872236482205
884,showed,53358224,144708254817,51.46985069646143
885,successful,53335714,144761590531,51.48882115008095
886,exchange,53312780,144814903311,51.507783446532414
887,speech,53151224,144868054535,51.52668828072501
888,designed,53115572,144921170107,51.54558043420965
889,acid,53109822,144974279929,51.56447054253355
890,sort,53091436,145027371365,51.5833541113226
891,begin,53082696,145080454061,51.602234571467335
892,communication,53024556,145133478617,51.621094352369376
893,impact,53007180,145186485797,51.63994795297351
894,measures,52985202,145239470999,51.65879373643977
895,girl,52981658,145292452657,51.677638259375655
896,heat,52948238,145345400895,51.69647089548164
897,charge,52935590,145398336485,51.71529903294536
898,reaction,52830822,145451167307,51.73408990651335
899,expressed,52826012,145503993319,51.752879069259926
900,spirit,52818646,145556811965,51.77166561206668
901,ready,52636189,145609448154,51.79038725854418
902,teacher,52468796,145661916950,51.8090493666579
903,firm,52428100,145714345050,51.8276970000131
904,faith,52394598,145766739648,51.84633271737265
905,institutions,52342290,145819081938,51.86494982981601
906,fully,52322906,145871404844,51.88356004775575
907,characteristics,52274958,145923679802,51.902153211544686
908,saying,52215512,145975895314,51.920725231572696
909,seven,52151423,146028046737,51.93927445641694
910,wrong,52010199,146080056936,51.95777345069068
911,prepared,51965464,146132022400,51.97625653361387
912,male,51935142,146183957542,51.9947288316042
913,opportunity,51901112,146235858654,52.01318902579975
914,stock,51853788,146287712442,52.031632387788875
915,contrast,51832104,146339544546,52.050068037210096
916,animals,51785812,146391330358,52.068487221486805
917,film,51752268,146443082626,52.08689447482928
918,aspects,51718202,146494800828,52.10528961157248
919,arms,51643364,146546444192,52.12365812992622
920,regard,51615124,146598059316,52.14201660387312
921,relationships,51571380,146649630696,52.160359518948475
922,requires,51539204,146701169900,52.178690989660005
923,objects,51503568,146752673468,52.19700978535447
924,professional,51496064,146804169532,52.21532591202524
925,offered,51457218,146855626750,52.233628221945736
926,leading,51437548,146907064298,52.25192353563811
927,police,51301426,146958365724,52.27017043344
928,investment,51204016,147009569740,52.28838268444055
929,desire,51195184,147060764924,52.30659179407421
930,weeks,51189324,147111954248,52.32479881942231
931,remember,51165202,147163119450,52.34299726505435
932,procedure,51137120,147214256570,52.36118572247701
933,equipment,51110948,147265367518,52.37936487103935
934,proper,51072886,147316440404,52.39753048170462
935,post,51060068,147367500472,52.41569153326201
936,eight,50994062,147418494534,52.433829107796825
937,administration,50984038,147469478572,52.45196311699403
938,teachers,50938032,147520416604,52.47008076277123
939,learned,50834650,147571251254,52.488161637625375
940,marriage,50709478,147621960732,52.50619799128644
941,accepted,50629134,147672589866,52.52420576818325
942,female,50494686,147723084552,52.542165724598114
943,purposes,50372048,147773456600,52.560082061113356
944,round,50363496,147823820096,52.577995355852146
945,focus,50343436,147874163532,52.59590151564755
946,actions,50320054,147924483586,52.61379935893018
947,models,50284006,147974767592,52.63168438065553
948,responsible,50265416,148025033008,52.649562790287284
949,neither,50229036,148075262044,52.66742826027597
950,techniques,50115616,148125377660,52.68525338902445
951,serve,50059798,148175437458,52.70305866441951
952,file,49955966,148225393424,52.72082700883545
953,argument,49869960,148275263384,52.73856476262624
954,teaching,49865094,148325128478,52.75630078567751
955,floor,49846114,148374974592,52.77403005791995
956,balance,49757560,148424732152,52.79172783326428
957,religion,49749294,148474481446,52.80942266855665
958,concern,49608834,148524090280,52.82706754501816
959,considerable,49579330,148573669610,52.84470192749314
960,heavy,49572028,148623241638,52.86233371279183
961,names,49568832,148672810470,52.87996436133682
962,responsibility,49507896,148722318366,52.897573336157485
963,cold,49502770,148771821136,52.91518048776182
964,proposed,49417614,148821238750,52.932757351069114
965,requirements,49332502,148870571252,52.9503039417293
966,meant,49298972,148919870224,52.96783860643476
967,network,49200330,148969070554,52.98533818614097
968,month,49135110,149018205664,53.00281456838919
969,stop,49098630,149067304294,53.02027797542631
970,occurs,49081080,149116385374,53.03773514027718
971,operations,49077924,149165463298,53.05519118260155
972,existing,49063056,149214526354,53.07264193667377
973,believed,49047938,149263574292,53.09008731357381
974,sexual,49046792,149312621084,53.107532282864426
975,hair,48961568,149361582652,53.124946939671744
976,conflict,48827652,149410410304,53.14231396521896
977,raised,48786436,149459196740,53.15966633105398
978,unless,48508178,149507704918,53.17691972604776
979,stress,48408146,149556113064,53.19413754164689
980,decisions,48378750,149604491814,53.21134490167297
981,properties,48367758,149652859572,53.22854835206308
982,employment,48329554,149701189126,53.245738214049545
983,upper,48313966,149749503092,53.26292253169416
984,wish,48311122,149797814214,53.2801058377845
985,happened,48291924,149846106138,53.29728231552772
986,interesting,48123316,149894229454,53.314398822755805
987,federal,48047186,149942276640,53.33148825205568
988,color,47979922,149990256562,53.3485537568874
989,examples,47957466,150038214028,53.365611274566135
990,north,47888484,150086102512,53.38264425671824
991,organizations,47883846,150133986358,53.3996755892259
992,plants,47688606,150181674964,53.416637478745244
993,attack,47624074,150229299038,53.433576415514516
994,element,47621166,150276920204,53.45051431796598
995,goes,47611642,150324531846,53.46744883291989
996,sufficient,47598640,150372130486,53.48437872332078
997,covered,47507812,150419638298,53.50127630800693
998,fixed,47507416,150467145714,53.51817375184375
999,formation,47495500,150514641214,53.53506695739616
