,word,count,cumsum,cumsum_percent
0,that,5780144318,5780144318,1.6800629742734656
1,with,3728407608,9508551926,2.7637659461341584
2,from,2435309730,11943861656,3.4716156957536644
3,this,2073314950,14017176606,4.074247652650531
4,have,2004192852,16021369458,4.656788506079225
5,which,1982417434,18003786892,5.233000093053932
6,were,1638924997,19642711889,5.709371798254486
7,their,1475023760,21117735649,6.138103793341953
8,they,1399465778,22517201427,6.544874023984594
9,been,1135241132,23652442559,6.874844434378333
10,more,1124058520,24776501079,7.201564494721406
11,would,1085670908,25862171987,7.517126770406553
12,will,1057625262,26919797249,7.824537268412474
13,other,977408192,27897205441,8.10863178643637
14,than,874665974,28771871415,8.362863140694788
15,there,847782920,29619654335,8.609280637517129
16,time,845894700,30465549035,8.85514930228014
17,about,842674136,31308223171,9.100081874441477
18,into,840488586,32148711757,9.344379192285377
19,when,825675958,32974387715,9.584371055717527
20,also,819580027,33793967742,9.822591069278225
21,only,804340506,34598308248,10.056381547247911
22,them,803749112,35402057360,10.290000130000463
23,This,776387545,36178444905,10.51566577021287
24,these,754863988,36933308893,10.735075350160873
25,some,744932297,37678241190,10.951598174103653
26,such,731892244,38410133434,11.164330762193735
27,what,681324230,39091457664,11.362365196858931
28,could,672626820,39764084484,11.557871632964028
29,first,599874946,40363959430,11.732231930998527
30,between,586031438,40949990868,11.902568460084485
31,most,572205388,41522196256,12.068886294582986
32,should,559047676,42081243932,12.231379694337098
33,your,554033800,42635277732,12.392415755491728
34,said,535636130,43170913862,12.54810433006481
35,over,533145046,43704058908,12.703068843478874
36,then,524541989,44228600897,12.855532783077459
37,like,518199328,44746800225,13.006153157996994
38,made,494462834,45241263059,13.149874257999766
39,people,480774670,45722037729,13.289616741508384
40,through,477963494,46200001223,13.428542125572433
41,very,476455426,46676456649,13.567029172966997
42,many,475798188,47152254837,13.705325186856458
43,must,459813998,47612068835,13.83897521886115
44,work,456524889,48068593724,13.97166923490063
45,those,455435988,48524029712,14.104046749802407
46,where,452571526,48976601238,14.235591677093447
47,well,451913220,49428514458,14.366945260453354
48,after,451299161,49879813619,14.498120360762808
49,because,449130230,50328943849,14.62866503725127
50,even,442291490,50771235339,14.757221958204129
51,used,430234818,51201470157,14.88227447388512
52,same,429367569,51630837726,15.007074914037505
53,each,416243646,52047081372,15.12806074059264
54,being,405922100,52453003472,15.24604649546827
55,years,405528714,52858532186,15.363917908345359
56,much,402404430,53260936616,15.480881213469297
57,life,396190474,53657127090,15.596038363448134
58,both,388738302,54045865392,15.709029457085416
59,before,384010208,54429875600,15.8206462778272
60,They,374298964,54804174564,15.929440417926266
61,under,368087260,55172261824,16.03642905744898
62,make,362073270,55534335094,16.14166966415958
63,There,343462546,55877797640,16.24150085778347
64,system,334136214,56211933854,16.33862124970122
65,just,330867234,56542801088,16.434791476370577
66,part,328520824,56871321912,16.530279692981612
67,good,327545065,57198866977,16.625484294430542
68,three,327534064,57526401041,16.720685698316963
69,long,323761188,57850162229,16.814790474000798
70,does,322668322,58172830551,16.90857759607576
71,back,320031244,58492861795,17.00159822221838
72,number,311465630,58804327425,17.092129157768245
73,know,309046334,59113373759,17.181956898136498
74,down,308266632,59421640391,17.27155800948148
75,different,306382318,59728022709,17.3606114240893
76,found,302920026,60030942735,17.448658485174555
77,world,299707712,60330650447,17.53577185161203
78,without,294501180,60625151627,17.62137188184952
79,during,291742404,60916894031,17.70617004328289
80,right,289575626,61206469657,17.790338406688562
81,When,289337906,61495807563,17.874437674142943
82,case,289200862,61785008425,17.958497108240653
83,might,289043024,62074051449,18.042510664975246
84,state,285937820,62359989269,18.125621659770044
85,against,280621028,62640610297,18.207187270074474
86,another,279662438,62920272735,18.28847425557684
87,still,278662256,63198934991,18.369470527101615
88,while,275858382,63474793373,18.449651821589008
89,American,272608340,63747401713,18.528888455367493
90,little,270119742,64017521455,18.607401750570393
91,high,269428716,64286950171,18.685714191411705
92,take,267599372,64554549543,18.763494913155277
93,great,265292516,64819842059,18.840605121648768
94,important,263808240,65083650299,18.917283908881128
95,What,263260726,65346911025,18.99380355510442
96,within,262872534,65609783559,19.070210369022806
97,example,262620512,65872404071,19.14654392995518
98,year,261075970,66133480041,19.22242855264593
99,social,260351996,66393832037,19.298102744273926
100,place,259880706,66653712743,19.37363995024281
101,given,254757044,66908469787,19.447687907095183
102,order,251233108,67159702895,19.52071159291355
103,upon,250816102,67410518997,19.593614071318726
104,here,247737996,67658256993,19.665621864117977
105,form,247410512,67905667505,19.737534470064997
106,small,247397674,68153065179,19.809443344505105
107,children,246889920,68399955099,19.881204634620588
108,often,244196702,68644151801,19.95218311109085
109,point,242413878,68886565679,20.022643390016682
110,never,242258262,69128823941,20.09305843742831
111,power,241891956,69370715897,20.163367013943372
112,less,241881896,69612597793,20.233672666407994
113,however,239866270,69852464063,20.303392454848073
114,large,239766537,70092230600,20.37308325478693
115,York,239289306,70331519906,20.442635342249222
116,need,234846350,70566366256,20.510896035334266
117,called,233754816,70800121072,20.57883946197099
118,information,230027884,71030148956,20.645699614537662
119,women,229436780,71259585736,20.712387956178915
120,come,227894592,71487480328,20.77862804379473
121,water,227702376,71715182704,20.84481226170091
122,fact,227008164,71942190868,20.910794699199318
123,These,223270020,72165460888,20.97569060373567
124,group,219366746,72384827634,21.03945197844629
125,process,219160554,72603988188,21.103153421168066
126,public,218319686,72822307874,21.166610456291114
127,left,214517136,73036825010,21.22896223813477
128,since,214221054,73251046064,21.291227960465346
129,every,213129706,73464175770,21.353176470410556
130,government,212705904,73676881674,21.415001797609897
131,again,212330908,73889212582,21.47671812806791
132,possible,212292600,74101505182,21.538423323881368
133,political,212269118,74313774300,21.600121694391408
134,data,210443648,74524217948,21.66128947182472
135,University,210238012,74734455960,21.722397478876744
136,general,209939318,74944395278,21.783418667208952
137,hand,209620778,75154016056,21.844347268361606
138,development,209591932,75363607988,21.905267485104822
139,present,207018890,75570626878,21.96543981868845
140,thought,206910674,75777537552,22.025580698092938
141,came,206428938,75983966490,22.0855815555927
142,following,204161818,76188128308,22.144923449550955
143,think,204039234,76392167542,22.20422971311171
144,always,203365904,76595533446,22.26334026584931
145,family,202771318,76798304764,22.322277995579608
146,United,201737764,77000042528,22.38091531139085
147,among,201189348,77201231876,22.439393224016737
148,control,199591128,77400823004,22.4974065962957
149,later,199068556,77599891560,22.555268077234196
150,second,198580792,77798472352,22.61298778416299
151,last,198120732,77996593084,22.670573769556572
152,rather,196313344,78192906428,22.727634417607025
153,change,195814276,78388720704,22.78455000601496
154,human,195551358,78584272062,22.841389174393782
155,find,193147982,78777420044,22.89752977491535
156,around,192443012,78969863056,22.95346546809727
157,others,191147020,79161010076,23.00902446684833
158,become,190997462,79352007538,23.064539994909993
159,value,190467518,79542475056,23.119901488877723
160,States,190311550,79732786606,23.175217649018553
161,level,190225182,79923011788,23.23050870534346
162,That,189831036,80112842824,23.285685198767407
163,course,188574036,80301416860,23.340496331217214
164,himself,188379686,80489796546,23.395250973686654
165,until,187612324,80677408870,23.449782573890516
166,means,185375098,80862783968,23.503663899575113
167,early,185147002,81047930970,23.557478926630623
168,though,184566808,81232497778,23.611125313873067
169,study,183881736,81416379514,23.66457257734998
170,shall,182556096,81598935610,23.717634528876413
171,home,181128704,81780064314,23.770281593106436
172,period,180529350,81960593664,23.822754448457147
173,things,178801670,82139395334,23.874725134477874
174,give,178436130,82317831464,23.926589572248414
175,several,177377520,82495208984,23.97814631329594
176,away,177359214,82672568198,24.029697733501784
177,area,175936870,82848505068,24.080835733668334
178,person,175622498,83024127566,24.1318823581307
179,above,175481202,83199608768,24.18288791334549
180,country,173668534,83373277302,24.233366596526658
181,problem,173587384,83546864686,24.283821692561403
182,body,173475418,83720340104,24.334244244437972
183,want,173168568,83893508672,24.38457760696298
184,known,172900942,84066409614,24.434833181026523
185,four,172599282,84239008896,24.48500107426949
186,something,171730728,84410739624,24.534916512671153
187,based,170944030,84581683654,24.58460328858464
188,school,170835178,84752518832,24.634258425458544
189,certain,170825926,84923344758,24.683910873136163
190,However,168876796,85092221554,24.73299678458823
191,whether,168427320,85260648874,24.781952050861932
192,John,167009684,85427658558,24.83049526552869
193,least,166635200,85594293758,24.878929632272587
194,best,166191192,85760484950,24.927234943172884
195,line,166188738,85926673688,24.975539540790898
196,going,165328840,86092002528,25.02359419952988
197,Figure,164377012,86256379540,25.071372198917008
198,help,164267380,86420646920,25.11911833254891
199,seen,163956576,86584603496,25.166774127555353
200,took,163220362,86747823858,25.21421593380745
201,whole,163213528,86911037386,25.261655753681744
202,either,163194764,87074232150,25.30909011959158
203,taken,162996914,87237229064,25.356466978207287
204,side,162203518,87399432582,25.40361322748692
205,effect,162153714,87561586296,25.45074500068226
206,using,161505850,87723092146,25.497688465029437
207,name,161156438,87884248584,25.544530368908287
208,went,160483774,88044732358,25.591176755544243
209,better,159833810,88204566168,25.637634222943774
210,result,159513994,88364080162,25.683998732280212
211,economic,159402831,88523482993,25.730330930859317
212,itself,159371802,88682854795,25.776654110515857
213,words,159350986,88842205781,25.822971239771412
214,individual,159205652,89001411433,25.869246126089962
215,interest,158320936,89159732369,25.915263859902872
216,self,157699138,89317431507,25.961100861239256
217,days,157624962,89475056469,26.006916302499565
218,question,156594006,89631650475,26.052432084978292
219,child,155441768,89787092243,26.09761295671867
220,view,155304796,89942397039,26.14275401602997
221,common,155299786,90097696825,26.187893619129266
222,nature,154861904,90252558729,26.23290594697473
223,book,154818455,90407377184,26.27790564588704
224,rate,153919332,90561296516,26.32264400473957
225,particular,153149332,90714445848,26.367158554562604
226,problems,152907568,90867353416,26.41160283300095
227,business,151634242,91018987658,26.45567700513241
228,type,151525646,91170513304,26.49971961263352
229,times,151169740,91321683044,26.543658772113265
230,terms,151024190,91472707234,26.587555625873215
231,sense,150997224,91623704458,26.63144464166655
232,head,150953465,91774657923,26.675320938421816
233,next,150441944,91925099867,26.71904855593216
234,support,149732420,92074832287,26.762569942432318
235,once,148829636,92223661923,26.805828924762487
236,London,148481504,92372143427,26.848986718670503
237,almost,148346182,92520489609,26.892105179740224
238,century,148242746,92668732355,26.935193575990752
239,position,147911728,92816644083,26.9781857581928
240,history,147859218,92964503301,27.021162677781685
241,Press,147778476,93112281777,27.06411612881387
242,local,146821988,93259103765,27.106791566013573
243,having,146516558,93405620323,27.14937822660044
244,themselves,146442622,93552062945,27.1919433968699
245,light,145937220,93698000165,27.234361666449587
246,making,145922602,93843922767,27.276775687145644
247,became,145884896,93989807663,27.319178748175116
248,action,145245182,94135052845,27.361395869244205
249,together,145214090,94280266935,27.40360395307908
250,U.S.,145141591,94425408526,27.44579096427651
251,members,144115378,94569523904,27.48767969529785
252,necessary,144075916,94713599820,27.52955695625176
253,young,143336922,94856936742,27.571219420413527
254,various,142651708,94999588450,27.61268271953589
255,experience,142400244,95141988694,27.654072927861122
256,house,141761026,95283749720,27.695277340393858
257,already,141713330,95425463050,27.73646788955585
258,cases,141349770,95566812820,27.777552765976594
259,able,141268634,95708081454,27.81861405932016
260,mind,140863730,95848945184,27.859557662830902
261,further,140605420,95989550604,27.90042618567878
262,done,140592908,96130143512,27.941291071775247
263,enough,140248352,96270391864,27.98205580885358
264,asked,140075682,96410467546,28.022770357483694
265,class,139920938,96550388484,28.063439928056066
266,policy,139349004,96689737488,28.103943259675873
267,along,138985320,96828722808,28.144340882512452
268,land,138730086,96967452894,28.184664318759634
269,look,138698770,97106151664,28.224978652664518
270,groups,138543574,97244695238,28.26524787713285
271,results,138352036,97383047274,28.305461428959767
272,face,138165868,97521213142,28.345620868995248
273,five,137904368,97659117510,28.385704301159027
274,conditions,137441496,97796559006,28.425653194448643
275,including,137002732,97933561738,28.465474556121347
276,full,136164606,98069726344,28.505052307188
277,free,136099891,98205826235,28.544611248123037
278,research,136019928,98341846163,28.584146946926353
279,After,135715941,98477562104,28.623594288540765
280,told,135523078,98613085182,28.66298557238784
281,major,134801680,98747886862,28.70216717391509
282,subject,134740906,98882627768,28.741331110806023
283,usually,134389478,99017017246,28.780392901255897
284,analysis,133800862,99150818108,28.819283603945106
285,real,133308806,99284126914,28.858031285107284
286,available,133197536,99417324450,28.896746624411385
287,State,132929094,99550253544,28.935383938074583
288,love,132697284,99682950828,28.973953873593455
289,death,132295362,99815246190,29.012406986030832
290,kind,132201886,99947448076,29.050832928633348
291,therefore,132146990,100079595066,29.089242915105363
292,matter,131778870,100211373936,29.127545903421613
293,true,131775322,100343149258,29.16584786047236
294,language,131507424,100474656682,29.204071950001833
295,Some,131435669,100606092351,29.2422751831457
296,knowledge,131370048,100737462399,29.280459342819015
297,model,130597408,100868059807,29.31841892611759
298,production,130482682,100998542489,29.35634516303341
299,half,129954036,101128496525,29.394117743133375
300,room,129945118,101258441643,29.431887731117847
301,nothing,129891154,101388332797,29.46964203386795
302,shown,129816270,101518149067,29.507374570753942
303,function,129745680,101647894747,29.545086589874487
304,ever,129688882,101777583629,29.582782100027167
305,changes,129600300,101907183929,29.620451862840298
306,show,129230144,102036414073,29.65801403571171
307,English,128763116,102165177189,29.695440461721528
308,students,128430548,102293607737,29.732770223158195
309,role,127967226,102421574963,29.76996531492322
310,provide,127326028,102548900991,29.806974035386812
311,open,127139408,102676040399,29.84392851268017
312,total,126968310,102803008709,29.88083325844452
313,whose,126598206,102929606915,29.917630429381536
314,term,126509468,103056116383,29.954401807635872
315,especially,126390584,103182506967,29.991138630938696
316,field,126308542,103308815509,30.027851607825422
317,similar,126232626,103435048135,30.064542518885805
318,thus,126227736,103561275871,30.101232008613522
319,began,126216122,103687491993,30.13791812260348
320,Then,125655346,103813147339,30.174441240837176
321,white,125528270,103938675609,30.210927423023808
322,held,125291934,104063967543,30.247344911534093
323,service,125045854,104189013397,30.283690874166474
324,money,124795638,104313809035,30.319964108746746
325,Thus,124716180,104438525215,30.356214247979135
326,single,124209838,104562735053,30.39231721330034
327,eyes,124200928,104686935981,30.428417588831348
328,mother,123937586,104810873567,30.464441421092936
329,specific,122627758,104933501325,30.500084537337006
330,care,122569420,105056070745,30.53571069699515
331,short,122509348,105178580093,30.571319396061057
332,structure,122161322,105300741415,30.606826937514885
333,British,122044330,105422785745,30.642300473947966
334,society,121775740,105544561485,30.677695941722295
335,areas,121565814,105666127299,30.71303039217932
336,education,121340536,105787467835,30.748299363090176
337,woman,121256018,105908723853,30.7835437679081
338,required,121220508,106029944361,30.818777851351175
339,clear,120958946,106150903307,30.853935908901555
340,With,120762546,106271665853,30.889036880616356
341,quite,119614426,106391280279,30.92380413853512
342,community,119474792,106510755071,30.95853081028502
343,percent,119425036,106630180107,30.993243019902355
344,theory,119354864,106749534971,31.027934833250576
345,word,118716278,106868251249,31.062441034504108
346,father,118562736,106986813985,31.09690260707451
347,evidence,118230474,107105044459,31.131267604014056
348,reason,117716782,107222761241,31.165483290683493
349,past,117420340,107340181581,31.19961281320186
350,thing,117088854,107457270435,31.233645985642372
351,national,116970966,107574241401,31.267644892629797
352,night,116959898,107691201299,31.301640582580426
353,program,116905270,107808106569,31.33562039429772
354,market,116645634,107924752203,31.36952473993556
355,section,116315047,108041067250,31.403332996799843
356,considered,116307932,108157375182,31.43713918561056
357,material,116168356,108273543538,31.47090480511076
358,values,115750988,108389294526,31.50454911197846
359,increase,115516606,108504811132,31.538125293121546
360,higher,115500854,108620311986,31.57169689577134
361,systems,115033922,108735345908,31.605132779463
362,really,114430692,108849776600,31.638393327673015
363,countries,114160500,108963937100,31.67157534158524
364,growth,114102338,109078039438,31.70474045006789
365,felt,113966986,109192006424,31.737866216992405
366,working,113840964,109305847388,31.770955354226643
367,From,113344174,109419191562,31.803900093944304
368,special,113016784,109532208346,31.83674967413187
369,force,112931478,109645139824,31.869574459185586
370,although,112877198,109758017022,31.90238346715602
371,seems,112826764,109870843786,31.935177815925687
372,method,112643824,109983487610,31.967918991157873
373,city,112326250,110095813860,32.000567859989104
374,toward,111756600,110207570460,32.03305115373767
375,Table,111668042,110319238502,32.065508707122554
376,future,111603326,110430841828,32.097947450085165
377,company,111575926,110542417754,32.13037822893425
378,party,111034528,110653452282,32.162651644457426
379,Although,110806956,110764259238,32.19485891365792
380,knew,110638546,110874897784,32.227017232626395
381,mean,110111808,110985009592,32.259022449360344
382,energy,110108546,111095118138,32.29102671795786
383,situation,109776078,111204894216,32.322934351048346
384,cost,109520430,111314414646,32.35476767721573
385,greater,109243136,111423657782,32.38652040481037
386,National,108759268,111532417050,32.41813249081086
387,population,108704870,111641121920,32.44972876543007
388,brought,107676158,111748798078,32.481026033511164
389,approach,107624442,111856422520,32.51230826976398
390,treatment,107430624,111963853144,32.54353417066812
391,black,107141294,112070994438,32.57467597460277
392,probably,106905770,112177900208,32.605749320877855
393,cause,106842340,112284742548,32.636804230520816
394,effects,106656112,112391398660,32.66780501093267
395,looked,106652884,112498051544,32.69880485309057
396,America,106519822,112604571366,32.72976601930421
397,provided,106244856,112710816222,32.76064726360407
398,personal,106188682,112817004904,32.79151218030857
399,idea,106016686,112923021590,32.82232710447043
400,relationship,105592190,113028613780,32.85301864416763
401,studies,105367544,113133981324,32.88364488801647
402,surface,105199406,113239180730,32.9142222606931
403,account,105175722,113344356452,32.94479274935277
404,described,105062984,113449419436,32.97533046946391
405,health,104968220,113554387656,33.00584064536872
406,natural,104800484,113659188140,33.03630206694708
407,activity,104588332,113763776472,33.06670182419657
408,difficult,104531274,113868307746,33.09708499690631
409,gave,104444584,113972752330,33.12744297220726
410,include,104137300,114076889630,33.15771163200975
411,close,103954390,114180844020,33.187927126994595
412,basis,103935580,114284779600,33.21813715464457
413,amount,103477480,114388257080,33.248214030455046
414,read,103372388,114491629468,33.278260360111595
415,keep,103146684,114594776152,33.30824108640035
416,feel,103050640,114697826792,33.33819389643661
417,related,102750144,114800576936,33.368059363981786
418,lower,102717842,114903294778,33.39791544259284
419,states,102245360,115005540138,33.42763418907679
420,likely,102190496,115107730634,33.45733698873139
421,main,102144510,115209875144,33.48702642204569
422,perhaps,101769450,115311644594,33.51660684001635
423,current,101291836,115412936430,33.54604843418725
424,tell,101220196,115514156626,33.57546920539857
425,living,101141440,115615298066,33.60486708530609
426,turn,101122020,115716420086,33.634259320575495
427,services,100872366,115817292452,33.663578991144306
428,needs,100845532,115918137984,33.69289086211377
429,South,100843592,116018981576,33.72220216920075
430,size,100699612,116119681188,33.75147162690582
431,French,100308096,116219989284,33.78062728614856
432,developed,100272296,116320261580,33.80977253972473
433,World,100251812,116420513392,33.8389118393994
434,across,100181358,116520694750,33.86803066083853
435,practice,100067166,116620761916,33.89711629110792
436,heart,99994748,116720756664,33.92618087228342
437,patients,99957766,116820714430,33.95523470423096
438,General,99197048,116919911478,33.98406742506511
439,food,98756550,117018668028,34.01277211027605
440,call,98612866,117117280894,34.04143503214077
441,third,98470160,117215751054,34.07005647492578
442,play,98257732,117314008786,34.09861617315947
443,particularly,97886908,117411895694,34.12706808728985
444,movement,97831746,117509727440,34.155503967973885
445,range,97797742,117607525182,34.18392996501864
446,story,97786580,117705311762,34.212352717704455
447,activities,97322272,117802634034,34.2406405141268
448,Chapter,97297958,117899931992,34.26892124341572
449,management,97029088,117996961080,34.29712382266079
450,turned,97023541,118093984621,34.32532478960886
451,believe,96993954,118190978575,34.35351715676764
452,test,96977376,118287955951,34.381704705347076
453,seemed,96940806,118384896757,34.40988162445092
454,written,96870294,118481767051,34.43803804846088
455,return,96418338,118578185389,34.46606310645301
456,forms,96124488,118674309877,34.49400275368757
457,space,96103830,118770413707,34.5219363964456
458,strong,96089186,118866502893,34.549865782762815
459,trade,96026086,118962528979,34.577776828366055
460,addition,95829284,119058358263,34.60563067128796
461,near,95594548,119153952811,34.63341628559123
462,blood,95549682,119249502493,34.661188859094615
463,rights,95286354,119344788847,34.68888489339784
464,makes,95051166,119439840013,34.716512567703624
465,ways,95016970,119534856983,34.74413030256321
466,influence,94743030,119629600013,34.771668413727284
467,property,94664760,119724264773,34.799183774848835
468,longer,94433114,119818697887,34.82663180549449
469,foreign,94247124,119912945011,34.85402577608638
470,increased,94165510,120007110521,34.8813960246651
471,involved,94133592,120101244113,34.90875699592357
472,whom,93973966,120195218079,34.93607157011691
473,hard,93970614,120289188693,34.96338517001432
474,pressure,93903208,120383091901,34.990679177611156
475,outside,93821214,120476913115,35.01794935274362
476,anything,93707686,120570620801,35.045186529705305
477,significant,93630590,120664251391,35.07240129786058
478,hands,93425152,120757676543,35.09955635318545
479,moment,93228384,120850904927,35.126654215711476
480,income,93180904,120944085831,35.15373827764955
481,court,93082664,121037168495,35.1807937850434
482,late,93039272,121130207767,35.20783668007178
483,physical,92942120,121223149887,35.23485133679518
484,patient,92787082,121315936969,35.26182093000648
485,cells,92759444,121408696413,35.28878248992693
486,attention,92757818,121501454231,35.31574357723247
487,says,92756776,121594211007,35.342704361669156
488,private,92703793,121686914800,35.36964974601
489,wanted,92683656,121779598456,35.39658927730871
490,response,92148088,121871746544,35.423373139835604
491,sometimes,91911986,121963658530,35.450088376700826
492,generally,91845626,122055504156,35.47678432529697
493,soon,91801080,122147305236,35.503467326104754
494,needed,91713560,122239018796,35.53012488825505
495,shows,91481796,122330500592,35.556715085631446
496,questions,91344360,122421844952,35.583265335712014
497,simply,90638194,122512483146,35.60961033082229
498,decision,90614044,122603097190,35.635948306467554
499,months,90172086,122693269276,35.66215782212443
500,paper,90152328,122783421604,35.68836159489974
501,below,89869020,122873290624,35.71448302106657
502,established,89775546,122963066170,35.74057727797986
503,chapter,89697792,123052763962,35.76664893483175
504,purpose,89197988,123141961950,35.792575318114565
505,behavior,89101518,123231063468,35.81847366132326
506,simple,89044146,123320107614,35.84435532872463
507,behind,88565108,123408672722,35.87009775842487
508,received,88530476,123497203198,35.895830121950674
509,understand,88406522,123585609720,35.92152645687331
510,culture,88119504,123673729224,35.94713936683487
511,factors,88110840,123761840064,35.972749758508854
512,associated,87396412,123849236476,35.99815249377072
513,military,87138616,123936375092,36.02348029776951
514,ground,87071416,124023446508,36.04878856934391
515,levels,86769066,124110215574,36.0740089595416
516,plan,86714696,124196930270,36.099213546496514
517,according,86590766,124283521036,36.12438211182412
518,price,86448524,124369969560,36.14950933293877
519,capital,86333224,124456302784,36.17460304083121
520,doing,85934982,124542237766,36.19958099527492
521,sure,85815892,124628053658,36.22452433489094
522,live,85690333,124713743991,36.24943117939275
523,earlier,85446724,124799190715,36.27426721624018
524,Government,85423088,124884613803,36.2990963830224
525,First,85406504,124970020307,36.323920729481316
526,building,85278226,125055298533,36.34870779051855
527,continued,85242624,125140541157,36.373484503440125
528,workers,85165144,125225706301,36.39823869594142
529,types,85103922,125310810223,36.422975093590246
530,design,85072754,125395882977,36.44770243191462
531,quality,85043542,125480926519,36.4724212794476
532,normal,84995890,125565922409,36.49712627639893
533,performance,84966342,125650888751,36.52182268489674
534,hours,84924446,125735813197,36.54650691585807
535,table,84914490,125820727687,36.57118825299771
536,source,84849940,125905577627,36.595850827964796
537,issue,84495056,125990072683,36.62041025196615
538,While,84458224,126074530907,36.644958970338706
539,points,84393278,126158924185,36.669488811436935
540,complete,84182970,126243107155,36.69395752418532
541,parts,83891564,126326998719,36.71834153655183
542,respect,83857328,126410856047,36.74271559784569
543,England,83825680,126494681727,36.76708046029778
544,difference,83715096,126578396823,36.791413180285296
545,alone,83654184,126662051007,36.81572819552528
546,office,83651920,126745702927,36.84004255270858
547,seem,83622240,126829325167,36.864348283071116
548,cent,83524090,126912849257,36.888625485048905
549,followed,83304418,126996153675,36.91283883692653
550,organization,83290412,127079444087,36.93704811780511
551,North,83218046,127162662133,36.96123636470417
552,lines,83155274,127245817407,36.98540636622609
553,taking,83061458,127328878865,37.00954909908838
554,modern,83053354,127411932219,37.0336894764333
555,basic,82775432,127494707651,37.05774907267031
556,direct,82676264,127577383915,37.0817798446296
557,Even,82524198,127659908113,37.10576641692151
558,potential,82382504,127742290617,37.12971180428275
559,Since,82190336,127824480953,37.15360133588608
560,works,82149574,127906630527,37.17747901956259
561,wife,82148128,127988778655,37.20135628294317
562,German,82134588,128070913243,37.22522961077277
563,beginning,82092772,128153006015,37.24909078431876
564,lost,82017062,128235023077,37.27292995191459
565,methods,81940196,128316963273,37.29674677755605
566,heard,81922472,128398885745,37.32055845152058
567,report,81757354,128480643099,37.34432213210936
568,character,81679502,128562322601,37.36806318415194
569,India,81627116,128643949717,37.39178900962334
570,industry,81572348,128725522065,37.41549891616885
571,West,81569328,128807091393,37.43920794491791
572,appear,81430618,128888522011,37.462876656068936
573,stage,81384210,128969906221,37.48653187822069
574,door,81314490,129051220711,37.51016683548214
575,issues,81221710,129132442421,37.53377482520884
576,front,81203808,129213646229,37.557377611520934
577,writing,80947848,129294594077,37.580906000223685
578,Journal,80643104,129375237181,37.604345811707105
579,series,80528052,129455765233,37.62775218205226
580,European,80428490,129536193723,37.65112961359925
581,produced,80426072,129616619795,37.674506342327746
582,original,80390994,129697010789,37.69787287524697
583,Court,80340870,129777351659,37.721224839070366
584,disease,80088150,129857439809,37.74450334702631
585,average,79828974,129937268783,37.767706522606886
586,poor,79764096,130017032879,37.790890840678095
587,religious,79688341,130096721220,37.81405313971939
588,loss,79673616,130176394836,37.83721115877633
589,cell,79558812,130255953648,37.86033580877895
590,understanding,79524532,130335478180,37.88345049491984
591,feet,79450098,130414928278,37.906543545994104
592,international,79315978,130494244256,37.929597613604685
593,object,79284280,130573528536,37.952642467840434
594,rest,79209202,130652737738,37.97566549982383
595,degree,79119150,130731856888,37.9986623571959
596,parents,78832088,130810688976,38.0215757768178
597,product,78697854,130889386830,38.044450179840645
598,William,78643116,130968029946,38.067308672657454
599,effective,78633396,131046663342,38.090164340248585
600,rule,78138154,131124801496,38.11287606026649
601,central,78133488,131202934984,38.135586424059795
602,Washington,78044852,131280979836,38.15827102481787
603,meaning,78025302,131359005138,38.18094994315187
604,today,77966046,131436971184,38.20361163807309
605,text,77799516,131514770700,38.2262249292051
606,million,77615476,131592386176,38.24878472707246
607,expected,77488430,131669874606,38.271307597612584
608,letter,77446166,131747320772,38.29381818365295
609,training,77434240,131824755012,38.3163253032693
610,beyond,77393022,131902148034,38.33882044241737
611,Europe,77316796,131979464830,38.361293425634166
612,Indian,77152232,132056617062,38.38371857650144
613,standard,77110746,132133727808,38.40613166900326
614,move,76972630,132210700438,38.42850461655973
615,lead,76952234,132287652672,38.450871635792865
616,published,76785170,132364437842,38.47319009602379
617,importance,76777490,132441215332,38.495506323977644
618,leave,76535206,132517750538,38.51775212940305
619,limited,76454862,132594205400,38.53997458195486
620,Lord,76399198,132670604598,38.56218085514847
621,wrote,76363574,132746968172,38.58437677383186
622,region,76196004,132823164176,38.60652398643853
623,voice,75998510,132899162686,38.628613795226414
624,distribution,75960236,132975122922,38.650692479252214
625,relations,75893706,133051016628,38.67275182559655
626,forces,75885476,133126902104,38.69480877980022
627,added,75730342,133202632446,38.716820642588324
628,June,75713576,133278346022,38.738827632152805
629,complex,75664814,133354010836,38.760820448501846
630,species,75514398,133429525234,38.782769544774276
631,final,75241778,133504767012,38.80463940102383
632,answer,75077024,133579844036,38.82646136969825
633,looking,75059572,133654903608,38.84827826575555
634,solution,75009004,133729912612,38.8700804636635
635,elements,74930722,133804843334,38.89185990804099
636,reported,74903832,133879747166,38.91363153654212
637,learning,74715982,133954463148,38.935348564359884
638,temperature,74633950,134029097098,38.95704174866815
639,becomes,74606682,134103703780,38.97872700723017
640,sent,74514600,134178218380,39.000385501138865
641,risk,74459572,134252677952,39.0220280005498
642,events,74389896,134327067848,39.043650247859524
643,included,74301304,134401369152,39.06524674492308
644,cultural,73861378,134475230530,39.08671537262156
645,condition,73768170,134548998700,39.10815690838235
646,obtained,73655736,134622654436,39.12956576395557
647,church,73406888,134696061324,39.15090228910104
648,appears,73258834,134769320158,39.17219578071137
649,James,73240656,134842560814,39.19348398868464
650,products,73184582,134915745396,39.214755898128665
651,bring,73049382,134988794778,39.23598851019504
652,differences,73022252,135061817030,39.25721323662639
653,friends,72999572,135134816602,39.27843137086451
654,directly,72982022,135207798624,39.299644404000716
655,discussion,72974378,135280773002,39.320855215323654
656,Many,72893786,135353666788,39.342042601689045
657,House,72863500,135426530288,39.36322118509306
658,resources,72820250,135499350538,39.384387197405474
659,costs,72784302,135572134840,39.40554276103349
660,else,72758544,135644893384,39.426690837813474
661,presence,72694852,135717588236,39.44782040180812
662,authority,72504012,135790092248,39.468894496042786
663,carried,72469656,135862561904,39.48995860432547
664,actually,72416160,135934978064,39.51100716340317
665,appropriate,72345960,136007324024,39.53203531807325
666,except,72139230,136079463254,39.55300338437882
667,town,72063468,136151526722,39.57394942961986
668,clearly,71990836,136223517558,39.59487436356553
669,ideas,71931306,136295448864,39.61578199445727
670,President,71531138,136366980002,39.63657331208704
671,individuals,71492994,136438472996,39.65735354274067
672,produce,71475828,136509948824,39.67812878390626
673,project,71235860,136581184684,39.698834275714454
674,direction,70955748,136652140432,39.71945834986697
675,latter,70855304,136722995736,39.740053228858244
676,observed,70775030,136793770766,39.76062477532219
677,defined,70716438,136864487204,39.78117929137231
678,International,70560624,136935047828,39.80168851835733
679,presented,70554628,137005602456,39.822196002538526
680,extent,70524592,137076127048,39.84269475642361
681,books,70431782,137146558830,39.86316653405411
682,flow,70325604,137216884434,39.883607449872756
683,determined,70175318,137287059752,39.90400468340073
684,application,70128248,137357188000,39.924388235511806
685,towards,69959248,137427147248,39.94472266590082
686,March,69943380,137497090628,39.965052484079855
687,morning,69784020,137566874648,39.98533598250962
688,environment,69730768,137636605416,40.005604002655694
689,Most,69553720,137706159136,40.02582056183936
690,Such,69478922,137775638058,40.04601538015577
691,member,69477404,137845115462,40.06620975724866
692,reading,69449224,137914564686,40.0863959435124
693,everything,69419962,137983984648,40.10657362445169
694,positive,69357210,138053341858,40.12673306582706
695,note,69341438,138122683296,40.14688792289592
696,consider,69279384,138191962680,40.1670247432823
697,July,69260150,138261222830,40.18715597309351
698,middle,69254746,138330477576,40.20728563217226
699,status,69245424,138399723000,40.22741258170844
700,e.g.,69243748,138468966748,40.24753904409667
701,figure,69184440,138538151188,40.26764826795772
702,rules,69182936,138607334124,40.28775705466451
703,length,69158922,138676493046,40.30785886143619
704,image,69032400,138745525446,40.32792389318705
705,equal,69026130,138814551576,40.34798710249296
706,Christian,68993922,138883545498,40.36804095018689
707,kept,68851384,138952396882,40.38805336763219
708,George,68765604,139021162486,40.40804085217028
709,France,68562902,139089725388,40.42796941912668
710,persons,68512228,139158237616,40.44788325712366
711,truth,68481158,139226718774,40.46778806428096
712,placed,68328172,139295046946,40.487648404362695
713,Department,68312140,139363359086,40.50750408456604
714,deal,68295158,139431654244,40.52735482876297
715,ability,68286396,139499940640,40.54720302618754
716,sound,68137082,139568077722,40.56700782384402
717,Here,68111296,139636189018,40.58680512651396
718,larger,67975566,139704164584,40.60656297775588
719,list,67944656,139772109240,40.6263118446639
720,primary,67904700,139840013940,40.646049097917924
721,music,67896414,139907910354,40.66578394275426
722,financial,67887340,139975797694,40.685516150131974
723,concerned,67797144,140043594838,40.705222141043166
724,hold,67697328,140111292166,40.72489911932827
725,volume,67696176,140178988342,40.74457576277181
726,expression,67561872,140246550214,40.76421336927003
727,recent,67559856,140314110070,40.78385038979552
728,created,67539402,140381649472,40.80348146513933
729,discussed,67512272,140449161744,40.823104654848116
730,started,67493502,140516655246,40.842722388848486
731,twenty,67487796,140584143042,40.862338464336744
732,Other,67458042,140651601084,40.881945891495306
733,comes,67454850,140719055934,40.90155239086371
734,schools,67440934,140786496868,40.92115484539257
735,programs,67299462,140853796330,40.94071617951751
736,legal,67288006,140921084336,40.960274183829135
737,factor,67083380,140988167716,40.979772711327165
738,meeting,66782878,141054950594,40.99918389459016
739,fire,66757952,141121708546,41.01858783283514
740,Church,66657778,141188366324,41.037962654397354
741,thinking,66610584,141254976908,41.057323758500694
742,Soviet,66609902,141321586810,41.07668466437318
743,scale,66598532,141388185342,41.09604226542922
744,wide,66549800,141454735142,41.11538570198964
745,follow,66546952,141521282094,41.134728310747306
746,China,66437884,141587719978,41.15403921768261
747,concept,66404110,141654124088,41.17334030783068
748,applied,66390598,141720514686,41.192637470566275
749,throughout,66213772,141786728458,41.21188323686622
750,science,66205934,141852934392,41.23112672496464
751,page,66169874,141919104266,41.25035973182462
752,operation,66166220,141985270486,41.26959167660901
753,East,66134942,142051405428,41.28881453009624
754,April,66034090,142117439518,41.308008069832496
755,reached,65870562,142183310080,41.32715407834411
756,labor,65828566,142249138646,41.34628788025312
757,step,65796928,142314935574,41.36541248622697
758,former,65760460,142380696034,41.38452649237266
759,King,65687498,142446383532,41.40361929130482
760,date,65673398,142512056930,41.4227079919158
761,entire,65669370,142577726300,41.44179552174395
762,Because,65655116,142643381416,41.46087890848911
763,occur,65644828,142709026244,41.47995930491311
764,materials,65643566,142774669810,41.49903933452283
765,provides,65638702,142840308512,41.51811795035706
766,manner,65391658,142905700170,41.53712476011612
767,talk,65350100,142971050270,41.556119490582134
768,tried,65324982,143036375252,41.575106920223206
769,site,65245816,143101621068,41.59407133938944
770,mass,65232094,143166853162,41.61303177010437
771,Congress,65158358,143232011520,41.631970768634105
772,gives,65101730,143297113250,41.65089330760836
773,etc.,65075196,143362188446,41.66980813418158
774,rates,65066308,143427254754,41.688720377359154
775,statement,65009540,143492264294,41.70761612028869
776,base,64982200,143557246494,41.726503916544374
777,success,64977900,143622224394,41.745390462957424
778,friend,64969420,143687193814,41.764274544564536
779,meet,64826840,143752020654,41.783117183715255
780,coming,64733004,143816753658,41.801932548393125
781,interests,64672180,143881425838,41.820730233901635
782,Research,64628896,143946054734,41.83951533843608
783,Social,64583774,144010638508,41.85828732776138
784,takes,64515256,144075153764,41.877039401571004
785,built,64479174,144139632938,41.89578098774763
786,numbers,64347800,144203980738,41.91448438861589
787,unit,64311078,144268291816,41.933177115828066
788,content,64247226,144332539042,41.95185128374915
789,pattern,64196046,144396735088,41.97051057563629
790,deep,63849076,144460584164,41.98906901684944
791,passed,63741572,144524325736,42.00759621083415
792,hope,63735594,144588061330,42.02612166724693
793,start,63731430,144651792760,42.044645913347
794,indeed,63647918,144715440678,42.06314588575918
795,demand,63601378,144779042056,42.081632330804815
796,share,63540526,144842582582,42.10010108854258
797,During,63446104,144906028686,42.118542401480106
798,Council,63426750,144969455436,42.13697808896314
799,traditional,63335984,145032791420,42.15538739430284
800,paid,63256006,145096047426,42.1737734531509
801,processes,63220942,145159268368,42.19214932025894
802,instead,62957592,145222225960,42.21044864177229
803,lives,62785098,145285011058,42.22869782599377
804,History,62695074,145347706132,42.24692084374243
805,attempt,62637878,145410344010,42.265127236840115
806,fall,62629126,145472973136,42.28333108607205
807,Union,62582794,145535555930,42.30152146839495
808,noted,62557410,145598113340,42.31970447257707
809,relation,62526716,145660640056,42.337878555208086
810,moved,62498854,145723138910,42.35604453944017
811,existence,62476216,145785615126,42.37420394368678
812,City,62371784,145847986910,42.39233299361577
813,functions,62350230,145910337140,42.41045577863589
814,active,62114759,145972451899,42.428510121401494
815,follows,62084954,146034536853,42.446555801013695
816,choice,62069434,146096606287,42.46459696956597
817,lack,61929396,146158535683,42.482597434522305
818,Chinese,61854268,146220389951,42.50057606269323
819,minutes,61720288,146282110239,42.51851574809301
820,instance,61713574,146343823813,42.53645348199432
821,highly,61668840,146405492653,42.55437821346301
822,distance,61605338,146467097991,42.57228448737197
823,reasons,61585500,146528683491,42.59018499514647
824,useful,61530104,146590213595,42.60806940145994
825,relatively,61478332,146651691927,42.62593875966812
826,create,61459108,146713151035,42.64380253020774
827,Society,61428236,146774579271,42.66165732745859
828,context,61276830,146835856101,42.67946811687837
829,independent,61211096,146897067197,42.6972597999829
830,author,61194410,146958261607,42.71504663311669
831,week,61144778,147019406385,42.732819040159896
832,easily,61070030,147080476415,42.7505697208689
833,reference,60980986,147141457401,42.76829451995294
834,hundred,60911904,147202369305,42.785999239588435
835,weight,60889098,147263258403,42.8036973304074
836,feeling,60755592,147324013995,42.82135661622859
837,literature,60731326,147384745321,42.839008848868076
838,Paul,60665436,147445410757,42.856641929849175
839,someone,60627464,147506038221,42.87426397384785
840,appeared,60543162,147566581383,42.891861514536394
841,trying,60393014,147626974397,42.9094154130455
842,moral,60390458,147687364855,42.9269685686249
843,immediately,60345184,147747710039,42.94450856481468
844,strength,60303348,147808013387,42.962036400907635
845,principle,60300564,147868313951,42.97956342780015
846,student,60298276,147928612227,42.99708978966012
847,i.e.,60272834,147988885061,43.014608756520964
848,myself,60211754,148049096815,43.03210996980321
849,security,60205750,148109302565,43.04960943795634
850,supply,60202152,148169504717,43.06710786031093
851,January,60160430,148229665147,43.08459415570404
852,Robert,60078354,148289743501,43.10205659479857
853,task,60077474,148349820975,43.11951877811136
854,economy,59968850,148409789825,43.13694938865529
855,develop,59930410,148469720235,43.15436882618741
856,relative,59754030,148529474265,43.17173699691871
857,actual,59559084,148589033349,43.189048504435654
858,October,59558150,148648591499,43.20635974047514
859,allowed,59530988,148708122487,43.22366308157846
860,earth,59503560,148767626047,43.24095845042974
861,constant,59342312,148826968359,43.258206950763636
862,laws,59337440,148886305799,43.275454034996756
863,Thomas,59302414,148945608213,43.292690938534996
864,critical,59302242,149004910455,43.30992779207952
865,effort,59225738,149064136193,43.32714240888899
866,worked,59093320,149123229513,43.34431853693994
867,phase,59021186,149182250699,43.36147369844473
868,herself,59016680,149241267379,43.37862755023071
869,write,59010122,149300277501,43.39577949586135
870,serious,58913138,149359190639,43.41290325201806
871,additional,58897856,149418088495,43.430022566292195
872,medical,58843418,149476931913,43.447126057558606
873,staff,58835360,149535767273,43.46422720667805
874,Committee,58800892,149594568165,43.48131833729149
875,Western,58769766,149653337931,43.498400420788236
876,Company,58725776,149712063707,43.51546971810419
877,easy,58699987,149770763694,43.53253151956162
878,access,58669410,149829433104,43.5495844334753
879,Paris,58632648,149888065752,43.56662666210645
880,September,58609490,149946675242,43.58366215960838
881,December,58594384,150005269626,43.60069326638406
882,previous,58548978,150063818604,43.61771117540288
883,style,58538606,150122357210,43.634726069685
884,finally,58431186,150180788396,43.65170974115421
885,opinion,58337732,150239126128,43.6686662491831
886,decided,58280396,150297406524,43.68560609186846
887,measure,57978204,150355384728,43.70245809910155
888,formed,57943456,150413328184,43.71930000644353
889,separate,57910546,150471238730,43.736132348129466
890,allow,57869354,150529108084,43.752952716904296
891,record,57848994,150586957078,43.769767167819595
892,dead,57780563,150644737641,43.78656172850672
893,features,57777960,150702515601,43.80335553260306
894,Their,57711516,150760227117,43.82013002401477
895,suggested,57589744,150817816861,43.836869121045794
896,Jesus,57509132,150875325993,43.85358478730605
897,determine,57502680,150932828673,43.87029857822104
898,variety,57428836,150990257509,43.88699090555943
899,computer,57396442,151047653951,43.903673817222895
900,learn,57395730,151105049681,43.92035652193566
901,remain,57395414,151162445095,43.937039134799534
902,Africa,57394570,151219839665,43.95372150234545
903,inside,57346716,151277186381,43.97038996059619
904,African,57292748,151334479129,43.98704273244989
905,historical,57288498,151391767627,44.00369426899403
906,sources,57273048,151449040675,44.02034131482452
907,parties,57267874,151506308549,44.0369868567746
908,August,57232692,151563541241,44.053622172686644
909,nation,57146142,151620687383,44.070232331882465
910,gone,57130234,151677817617,44.08683786724186
911,negative,57118400,151734936017,44.103439962918074
912,failure,57051232,151791987249,44.12002253547105
913,born,57002482,151848989731,44.1365909382965
914,picture,56958806,151905948537,44.15314664620875
915,mentioned,56958476,151962907013,44.16970225820284
916,freedom,56955290,152019862303,44.186256944150735
917,Germany,56855296,152076717599,44.202782565734864
918,caused,56659500,152133377099,44.219251277042716
919,agreement,56651612,152190028711,44.23571769561599
920,pain,56630462,152246659173,44.25217796670747
921,David,56519632,152303178805,44.26860602383177
922,giving,56487764,152359666569,44.28502481816885
923,reality,56432100,152416098669,44.30142743314773
924,Christ,56368874,152472467543,44.31781167078933
925,continue,56321346,152528788889,44.33418209389126
926,nearly,56312730,152585101619,44.350550012657344
927,goods,56252478,152641354097,44.366900418512195
928,dark,56217868,152697571965,44.383240764587164
929,essential,56123484,152753695449,44.39955367690702
930,wall,56061282,152809756731,44.41584850952654
931,hour,56023444,152865780175,44.432132344112226
932,companies,55932604,152921712779,44.44838977504564
933,popular,55918696,152977631475,44.46464316346481
934,fear,55911242,153033542717,44.480894385296295
935,hear,55866532,153089409249,44.49713261167102
936,plant,55712068,153145121317,44.513325941373104
937,getting,55710474,153200831791,44.529518807761434
938,Japanese,55680536,153256512327,44.54570297233843
939,remained,55591976,153312104303,44.56186139597042
940,Mrs.,55539644,153367643947,44.578004608726914
941,remains,55526878,153423170825,44.594144110904104
942,rise,55525862,153478696687,44.610283317769635
943,Another,55521834,153534218521,44.62642135385234
944,places,55437906,153589656427,44.64253499533216
945,units,55387222,153645043649,44.65863390494594
946,Charles,55375592,153700419241,44.67472943417138
947,center,55374138,153755793379,44.69082454077562
948,speak,55351258,153811144637,44.70691299705442
949,increasing,55309784,153866454421,44.722989398455695
950,completely,55261366,153921715787,44.73905172662892
951,planning,55167928,153976883715,44.75508689601242
952,efforts,55132584,154032016299,44.77111179227081
953,road,54988464,154087004763,44.78709479845473
954,died,54953338,154141958101,44.80306759487765
955,event,54950574,154196908675,44.81903958791336
956,forward,54948008,154251856683,44.83501083511274
957,certainly,54939758,154306796441,44.85097968435824
958,capacity,54919048,154361715489,44.86694251401282
959,changed,54903662,154416619151,44.88290087155607
960,cross,54865542,154471484693,44.89884814909905
961,industrial,54799060,154526283753,44.9147761029123
962,quickly,54658432,154580942185,44.93066318163957
963,merely,54613450,154635555635,44.94653718585026
964,construction,54573180,154690128815,44.96239948513937
965,circumstances,54537052,154744665867,44.97825128342508
966,compared,54532644,154799198511,44.99410180047676
967,require,54502052,154853700563,45.00994342562477
968,fine,54477350,154908177913,45.02577787086284
969,output,54443966,154962621879,45.04160261267151
970,offer,54424556,155017046435,45.05742171274867
971,contact,54390228,155071436663,45.07323083501237
972,families,54225556,155125662219,45.088992093535154
973,husband,54128944,155179791163,45.10472527070994
974,peace,54119324,155233910487,45.12045565172516
975,sample,54083322,155287993809,45.13617556836028
976,memory,54036018,155342029827,45.15188173556379
977,claim,54005920,155396035747,45.16757915445021
978,stood,53957594,155449993341,45.183262526849404
979,ones,53938910,155503932251,45.19894046853703
980,lived,53934186,155557866437,45.21461703714172
981,Association,53924430,155611790867,45.23029077005695
982,frequently,53819680,155665610547,45.245934056224336
983,Japan,53806126,155719416673,45.261573402771475
984,reduced,53761104,155773177777,45.2771996631756
985,stand,53752676,155826930453,45.29282347388816
986,returned,53704240,155880634693,45.30843320614078
987,internal,53679004,155934313697,45.32403560327046
988,leaders,53647810,155987961507,45.33962893351849
989,School,53599542,156041561049,45.35520823413764
990,miles,53595614,156095156663,45.370786393040085
991,November,53584422,156148741085,45.386361298863754
992,majority,53541382,156202282467,45.40192369463465
993,growing,53473678,156255756145,45.41746641148797
994,principles,53459814,156309215959,45.43300509861613
995,technology,53434078,156362650037,45.44853630529079
996,doubt,53386584,156416036621,45.464053707308246
997,initial,53374438,156469411059,45.47956757895626
998,showed,53358224,156522769283,45.49507673782557
999,successful,53335714,156576104997,45.510579353914025
