,word,count,cumsum,cumsum_percent
0,dans,628357130,628357130,1.5114319256162378
1,pour,436645364,1065002494,2.561725957167886
2,plus,331683580,1396686074,3.3595479728338615
3,sont,225717080,1622403154,3.902481258032479
4,avec,202953082,1825356236,4.390658685949959
5,comme,184560662,2009916898,4.834595522888004
6,nous,173913947,2183830845,5.25292306188757
7,même,171379266,2355210111,5.66515375308873
8,cette,167702512,2522912623,6.0685404873855795
9,être,158941412,2681854035,6.450853527104447
10,mais,148503758,2830357793,6.808060138120682
11,leur,140361426,2970719219,7.145681421070747
12,qu'il,125508986,3096228205,7.447577077752674
13,fait,123750322,3219978527,7.745242495309232
14,peut,119579574,3339558101,8.032875717192445
15,tout,119375208,3458933309,8.320017363055968
16,entre,115375470,3574308779,8.597538155715673
17,elle,114401836,3688710615,8.87271699753054
18,deux,110092606,3798803221,9.137530543105633
19,bien,106327022,3905130243,9.393286462683564
20,sans,97135232,4002265475,9.626932718510947
21,c'est,96528706,4098794181,9.859120054376499
22,dont,94568054,4193362235,10.086591295068875
23,aussi,93327128,4286689363,10.311077648530437
24,autres,84936338,4371625701,10.515381040294498
25,autre,81622584,4453248285,10.711713624773795
26,n'est,81301816,4534550101,10.907274643255398
27,était,75006528,4609556629,11.087693159472169
28,faire,74282354,4683838983,11.266369768657023
29,avait,72678362,4756517345,11.441188182237044
30,très,72626978,4829144323,11.615882998241164
31,sous,70867322,4900011645,11.78634518899203
32,Mais,69968402,4969980047,11.954645143775945
33,encore,67991562,5037971609,12.118190065243322
34,leurs,66971136,5104942745,12.279280483752915
35,tous,66484492,5171427237,12.439200342969245
36,moins,63765902,5235193139,12.592580985039012
37,C'est,63199497,5298392636,12.74459921303093
38,Paris,63048658,5361441294,12.896254617288793
39,temps,62906190,5424347484,13.047567333172005
40,pays,62721752,5487069236,13.198436407265879
41,vous,62375030,5549444266,13.348471486366947
42,ainsi,61385822,5610830088,13.496127153377516
43,donc,60349820,5671179908,13.641290851373897
44,Dans,59931826,5731111734,13.785449118786058
45,politique,58558186,5789669920,13.926303272580054
46,soit,57854632,5847524552,14.065465118089119
47,après,56639780,5904164332,14.201704794006984
48,France,56364302,5960528634,14.337281843173075
49,contre,51773890,6012302524,14.46181724911228
50,celle,50254894,6062557418,14.58269890634765
51,dire,49425320,6111982738,14.70158513046322
52,celui,49157120,6161139858,14.819826234116091
53,toute,48730528,6209870386,14.937041225806144
54,alors,48062592,6257932978,15.052649583710298
55,travail,46837092,6304770070,15.165310159634416
56,part,46421956,6351192026,15.276972179524206
57,fois,45874010,6397066036,15.387316186076719
58,point,44367822,6441433858,15.49403725191528
59,avoir,44329824,6485763682,15.600666918472179
60,droit,43821190,6529584872,15.70607313163076
61,notre,43739348,6573324220,15.81128248442801
62,monde,43258982,6616583202,15.915336378850215
63,effet,43221014,6659804216,16.01929894615188
64,Cette,42713042,6702517258,16.122039652410734
65,Pour,42671506,6745188764,16.22468044918585
66,faut,42382844,6787571608,16.32662690679987
67,homme,41936098,6829507706,16.42749877460691
68,doit,41759454,6871267160,16.52794574808504
69,toujours,41671166,6912938326,16.628180356181318
70,toutes,40678794,6953617120,16.72602794159372
71,ceux,39560808,6993177928,16.821186356067948
72,Nous,39549966,7032727894,16.916318691511385
73,qu'elle,39507061,7072234955,17.011347824518385
74,vers,39492076,7111727031,17.106340913043162
75,partie,39411620,7151138651,17.201140475050604
76,Elle,38900826,7190039477,17.294711388058694
77,quelques,38540676,7228580153,17.387416006754165
78,trois,38059012,7266639165,17.478962044903223
79,avant,37650364,7304289529,17.569525133064047
80,sens,37476290,7341765819,17.65966950869905
81,chez,35478756,7377244575,17.74500907427309
82,premier,35409672,7412654247,17.830182467207134
83,nombre,35216922,7447871169,17.914892224909313
84,années,35022976,7482894145,17.999135470556084
85,depuis,34619992,7517514137,18.08240939023514
86,exemple,34450568,7551964705,18.165275782362833
87,pouvoir,33855346,7585820051,18.246710444840815
88,première,33743812,7619563863,18.327876826686108
89,déjà,33495018,7653058881,18.40844476669546
90,général,33290622,7686349503,18.488521058524
91,souvent,32982854,7719332357,18.567857054175928
92,rapport,32853138,7752185495,18.64688103474233
93,qu'on,32845868,7785031363,18.72588752826262
94,grande,32844278,7817875641,18.804890197243264
95,cours,32475806,7850351447,18.88300655441505
96,elles,32439460,7882790907,18.961035485977824
97,seulement,32351932,7915142839,19.038853880240598
98,siècle,32291148,7947433987,19.11652606644146
99,question,32013752,7979447739,19.193531012389254
100,histoire,31817100,8011264839,19.27006293734811
101,qu'ils,31811126,8043075965,19.3465804926215
102,place,31767912,8074843877,19.422994102198853
103,grand,31716332,8106560209,19.49928364274762
104,ensemble,31501664,8138061873,19.575056827146177
105,lieu,31449398,8169511271,19.65070429243174
106,ailleurs,30748964,8200260235,19.72466695418943
107,également,30736582,8230996817,19.798599832645223
108,compte,30417510,8261414327,19.871765224612293
109,forme,30383588,8291797915,19.94484902158929
110,développement,30228572,8322026487,20.017559947598183
111,voir,30105920,8352132407,20.089975850061244
112,cela,30011096,8382143503,20.162163665638563
113,selon,29988510,8412132013,20.234297153509804
114,hommes,29075308,8441207321,20.304234051907574
115,sera,29007006,8470214327,20.374006658665362
116,chaque,28947896,8499162223,20.443637083952044
117,système,28915148,8528077371,20.51318873815404
118,français,28653730,8556731101,20.58211158511845
119,peuvent,28566258,8585297359,20.650824029483633
120,ordre,28282710,8613580069,20.71885443575426
121,s'est,28238069,8641818138,20.78677746386465
122,étaient,28198676,8670016814,20.85460573720104
123,société,28166906,8698183720,20.922357591905435
124,avons,27976548,8726160268,20.989651565025046
125,guerre,27950830,8754111098,21.056883676817066
126,article,27861122,8781972220,21.123900007600625
127,jour,27751602,8809723822,21.190652902168395
128,Etat,27475168,8837198990,21.256740870449857
129,beaucoup,27442082,8864641072,21.322749254631283
130,économique,27366082,8892007154,21.3885748306279
131,tant,27124428,8919131582,21.453819139136467
132,jamais,26839710,8945971292,21.518378595266586
133,serait,26776268,8972747560,21.582785449859063
134,rien,26752634,8999500194,21.647135455916807
135,certains,26722880,9026223074,21.711413892570196
136,Jean,26620156,9052843230,21.775445239908112
137,surtout,26563800,9079407030,21.83934103016625
138,plusieurs,26157602,9105564632,21.902259763594742
139,production,26130748,9131695380,21.965113903194357
140,action,26067998,9157763378,22.02781710577296
141,situation,25579514,9183342892,22.089345323175934
142,conditions,25458500,9208801392,22.15058245703053
143,quand,25220074,9234021466,22.211246087934192
144,niveau,24972530,9258993996,22.27131428371548
145,trop,24950292,9283944288,22.33132898885975
146,moment,24933352,9308877640,22.391302947021767
147,nature,24633574,9333511214,22.450555827920294
148,façon,24628788,9358140002,22.509797196713922
149,parce,24627199,9382767201,22.56903474337326
150,nouvelle,24205258,9406972459,22.627257365449623
151,raison,23779556,9430752015,22.68445601634323
152,reste,23727454,9454479469,22.741529342604668
153,prix,23509972,9477989441,22.79807954400231
154,nouveau,23477912,9501467353,22.85455262921041
155,mesure,23468842,9524936195,22.91100389770488
156,semble,23400016,9548336211,22.967289614145038
157,partir,23368584,9571704795,23.02349972496855
158,rôle,23057442,9594762237,23.0789614238942
159,gouvernement,22921034,9617683271,23.134095010992567
160,quelque,22911740,9640595011,23.18920624257423
161,laquelle,22803976,9663398987,23.244058261771315
162,sociale,22779120,9686178107,23.298850493070486
163,possible,22696966,9708875073,23.35344511353262
164,manière,22652028,9731527101,23.407931641439376
165,état,22594854,9754121955,23.462280644672994
166,puis,22539014,9776660969,23.516495331998197
167,pendant,22353872,9799014841,23.57026468415298
168,devant,22339508,9821354349,23.623999485560834
169,année,22032420,9843386769,23.67699562644426
170,française,22012846,9865399615,23.729944684598617
171,seul,21934136,9887333751,23.78270441601315
172,Saint,21878647,9909212398,23.83533067580444
173,objet,21822524,9931034922,23.887821938967356
174,mois,21779400,9952814322,23.940209472917623
175,étude,21745066,9974559388,23.992514420865028
176,s'agit,21647849,9996207237,24.044585525874247
177,mise,21637064,10017844301,24.096630688958818
178,valeur,21631792,10039476093,24.14866317092825
179,plan,21564326,10061040419,24.20053337214773
180,corps,21558918,10082599337,24.252390565121644
181,abord,21411500,10104010837,24.303893163135182
182,qu'un,21385135,10125395972,24.35533234354619
183,mêmes,21333122,10146729094,24.406646413403035
184,autant,21327076,10168056170,24.457945940387702
185,enfants,21304888,10189361058,24.50919209700389
186,problème,21134672,10210495730,24.56002882101501
187,notamment,21013388,10231509118,24.61057381202762
188,politiques,20826748,10252335866,24.66066986462428
189,assez,20614876,10272950742,24.710256286487624
190,avaient,20599424,10293550166,24.75980554056055
191,doute,20593670,10314143836,24.80934095412959
192,jusqu'à,20589292,10334733128,24.858865836985036
193,ville,20461216,10355194344,24.90808264956315
194,fonction,20424758,10375619102,24.957211767130712
195,qu'une,20368147,10395987249,25.006204714248923
196,trouve,20325632,10416312881,25.05509539702534
197,mort,20274222,10436587103,25.103862419686212
198,sujet,20205016,10456792119,25.15246297625185
199,Ainsi,20174978,10476967097,25.20099128028781
200,Dieu,20111030,10497078127,25.249365765668486
201,Europe,20017734,10517095861,25.297515839570078
202,esprit,19996320,10537092181,25.345614404860235
203,groupe,19929834,10557022015,25.393553046663868
204,chose,19868170,10576890185,25.44134336367924
205,recherche,19797330,10596687515,25.48896328422341
206,telle,19635512,10616323027,25.536193972466926
207,celles,19633734,10635956761,25.58342038396107
208,lors,19611734,10655568495,25.630593877296448
209,texte,19576930,10675145425,25.677683654104666
210,Conseil,19545896,10694691321,25.724698782633844
211,suite,19533460,10714224781,25.771683997971095
212,membres,19384344,10733609125,25.81831053402827
213,aujourd'hui,19326516,10752935641,25.864797972299776
214,auteur,19264646,10772200287,25.91113659027662
215,analyse,19144782,10791345069,25.957186890881566
216,cause,19113764,10810458833,26.003162581693402
217,jours,18962736,10829421569,26.048774994156094
218,demande,18816916,10848238485,26.094036655441037
219,femmes,18812928,10867051413,26.13928872410702
220,mouvement,18784328,10885835741,26.184471999166615
221,savoir,18762550,10904598291,26.229602890059777
222,mieux,18698150,10923296441,26.27457887507002
223,population,18696226,10941992667,26.31955023214675
224,public,18609404,10960602071,26.3643127501153
225,dernier,18488188,10979090259,26.408783698650556
226,quatre,18434900,10997525159,26.45312646978382
227,propre,18362850,11015888009,26.49729593394714
228,près,18353670,11034241679,26.541443316806035
229,étant,18156746,11052398425,26.585117024415116
230,période,18135034,11070533459,26.628738506612255
231,époque,18130164,11088663623,26.67234827465333
232,terme,18102194,11106765817,26.715890764471656
233,particulier,18095140,11124860957,26.75941628680399
234,prendre,18093196,11142954153,26.802937133095384
235,nationale,18043506,11160997659,26.846338456509105
236,activité,18032584,11179030243,26.889713508462375
237,base,17972792,11197003035,26.932944738481616
238,intérêt,17952420,11214955455,26.976126966285847
239,idée,17952236,11232907691,27.019308751501836
240,femme,17941492,11250849183,27.06246469341339
241,type,17934246,11268783429,27.10560320600774
242,social,17908332,11286691761,27.14867938582181
243,côté,17885698,11304577459,27.191701122472008
244,permet,17870990,11322448449,27.234687480927693
245,qu'à,17803844,11340252293,27.277512328352106
246,pourrait,17780566,11358032859,27.320281183553806
247,formation,17606908,11375639767,27.362632326863963
248,seule,17560346,11393200113,27.40487147129647
249,générale,17558142,11410758255,27.447105314291626
250,problèmes,17481326,11428239581,27.48915438631935
251,cependant,17448304,11445687885,27.531124028190774
252,personnes,17446654,11463134539,27.573089701200292
253,titre,17414018,11480548557,27.614976872526665
254,certaines,17352478,11497901035,27.65671601733076
255,juin,17234214,11515135249,27.698170693356317
256,matière,17223586,11532358835,27.739599805100458
257,évolution,17154814,11549513649,27.780863494680315
258,caractère,17083420,11566597069,27.82195545521351
259,principe,16927648,11583524717,27.862672726318227
260,service,16906990,11600431707,27.903340307271872
261,réalité,16883042,11617314749,27.943950284404334
262,force,16820384,11634135133,27.984409545809907
263,début,16798592,11650933725,28.024816389373854
264,donner,16779348,11667713073,28.06517694398111
265,origine,16743642,11684456715,28.105451612416704
266,personne,16740928,11701197643,28.145719752675795
267,font,16731854,11717929497,28.185966066599775
268,aurait,16703584,11734633081,28.226144380689743
269,travaux,16683744,11751316825,28.266274972222
270,ayant,16675066,11767991891,28.30638468994599
271,Etats,16674112,11784666003,28.346492112946187
272,domaine,16640970,11801306973,28.386519817145583
273,organisation,16635094,11817942067,28.42653338738585
274,mettre,16556814,11834498881,28.466358665195767
275,cadre,16541292,11851040173,28.506146606839305
276,famille,16509296,11867549469,28.545857586237034
277,s'il,16498400,11884047869,28.585542356713955
278,projet,16486716,11900534585,28.625199022837833
279,relations,16485896,11917020481,28.664853716557616
280,donne,16460376,11933480857,28.70444702521323
281,entreprises,16448452,11949929309,28.744011652226796
282,éléments,16441476,11966370785,28.783559499373297
283,parfois,16370330,11982741115,28.822936214005107
284,moyen,16293250,11999034365,28.862127522651587
285,produits,16227152,12015261517,28.901159841095442
286,marché,16222102,12031483619,28.940180012416494
287,État,16213594,12047697213,28.979179718842328
288,sorte,16170680,12063867893,29.01807620118339
289,moyens,16139104,12080006997,29.056896731534398
290,droits,16088088,12096095085,29.09559454948599
291,mars,16069686,12112164771,29.134248103803152
292,livre,16036822,12128201593,29.1728226080126
293,nouvelles,15994680,12144196273,29.211295745083575
294,langue,15906488,12160102761,29.24955674768831
295,j'ai,15881203,12175983964,29.28775693049103
296,existence,15835540,12191819504,29.325847276844502
297,grands,15829730,12207649234,29.363923647993317
298,certain,15794388,12223443622,29.401915008525453
299,qu'en,15775163,12239218785,29.43986012580295
300,loin,15749870,12254968655,29.477744404035466
301,ministre,15655254,12270623909,29.515401095699378
302,culture,15644672,12286268581,29.55303233372893
303,terre,15604506,12301873087,29.59056695763281
304,importance,15591700,12317464787,29.628070778357547
305,donné,15569824,12333034611,29.665521979189506
306,Pierre,15554970,12348589581,29.702937450642825
307,milieu,15540132,12364129713,29.740317231203427
308,juillet,15538792,12379668505,29.77769378856709
309,suis,15520564,12395189069,29.815026500830843
310,économie,15508256,12410697325,29.852329607790146
311,liberté,15472590,12426169915,29.889546924792615
312,Afrique,15424368,12441594283,29.92664825000182
313,région,15390612,12456984895,29.96366837951252
314,décembre,15358170,12472343065,30.00061047398202
315,services,15328872,12487671937,30.037482095896266
316,entreprise,15292384,12502964321,30.074265950638846
317,présence,15232420,12518196741,30.110905569723613
318,choses,15202604,12533399345,30.14747347027103
319,doivent,15151156,12548550501,30.183917619298818
320,plutôt,15099648,12563650149,30.220237872484716
321,pensée,15083045,12578733194,30.256518189298355
322,jeunes,15068462,12593801656,30.29276342858884
323,études,14996592,12608798248,30.328835793876145
324,chef,14993808,12623792056,30.364901462610995
325,n'ont,14962418,12638754474,30.400891626754774
326,présente,14898686,12653653160,30.436728491803365
327,aucune,14878138,12668531298,30.47251593129168
328,enfant,14846456,12683377754,30.508227163820635
329,différents,14827956,12698205710,30.543893896988816
330,emploi,14766852,12712972562,30.57941365237641
331,janvier,14751800,12727724362,30.614897202121927
332,résultats,14749594,12742473956,30.650375445619343
333,porte,14657678,12757131634,30.685632597049455
334,espace,14642988,12771774622,30.720854413581744
335,grandes,14612242,12786386864,30.756002274581796
336,fort,14600371,12800987235,30.791121581424452
337,président,14583572,12815570807,30.826200480442157
338,face,14561078,12830131885,30.861225273047893
339,aucun,14551140,12844683025,30.8962261610781
340,petit,14527240,12859210265,30.931169560744927
341,lorsque,14482414,12873692679,30.966005137257905
342,nécessaire,14444080,12888136759,31.000748506284616
343,pris,14442292,12902579051,31.03548757450824
344,enfin,14410460,12916989511,31.070150074966886
345,pratique,14375352,12931364863,31.104728127665627
346,père,14372302,12945737165,31.13929884398327
347,millions,14295204,12960032369,31.173684111018908
348,main,14285614,12974317983,31.20804631054807
349,contraire,14261328,12988579311,31.242350093240702
350,expérience,14217892,13002797203,31.276549396244967
351,nombreux,14204576,13017001779,31.31071666933096
352,Comme,14200094,13031201873,31.344873161544797
353,n'en,14185756,13045387629,31.378995165551345
354,octobre,14162718,13059550347,31.413061754624184
355,simple,14093976,13073644323,31.446962993693866
356,processus,14081216,13087725539,31.48083354023147
357,avril,14044238,13101769777,31.514615140965674
358,taux,14027948,13115797725,31.54835755820869
359,passé,13983600,13129781325,31.581993302065133
360,République,13958054,13143739379,31.615567598317767
361,lequel,13883050,13157622429,31.648961482134965
362,long,13851510,13171473939,31.68227950055546
363,régime,13845816,13185319755,31.715583822794326
364,peuple,13835405,13199155160,31.748863102717245
365,différentes,13828014,13212983174,31.782124604544187
366,formes,13787934,13226771108,31.815289699107353
367,parmi,13777844,13240548952,31.848430523478616
368,propos,13777702,13254326654,31.881571006287217
369,presque,13671446,13267998100,31.914455904010484
370,présent,13661390,13281659490,31.94731661332446
371,termes,13619710,13295279200,31.9800770667813
372,technique,13610788,13308889988,32.01281605951938
373,Tout,13547932,13322437920,32.04540386026714
374,pouvait,13523386,13335961306,32.077932618781965
375,données,13491434,13349452740,32.110384520887294
376,aide,13479342,13362932082,32.142807337248264
377,écrit,13342138,13376274220,32.17490012710676
378,veut,13310112,13389584332,32.20691588255833
379,position,13292610,13402876942,32.23888953920923
380,enseignement,13279836,13416156778,32.27083246965285
381,septembre,13254452,13429411230,32.30271434216276
382,heures,13228326,13442639556,32.33453337195376
383,création,13217224,13455856780,32.36632569731756
384,choix,13216918,13469073698,32.39811728663787
385,novembre,13146686,13482220384,32.429739941952455
386,discours,13122912,13495343296,32.46130541198039
387,afin,13119630,13508462926,32.492862987581184
388,particulièrement,13093064,13521555990,32.524356662099905
389,important,13084508,13534640498,32.55582975626561
390,travers,13012550,13547653048,32.58712976475549
391,tard,13004060,13560657108,32.61840935164683
392,parti,12990438,13573647546,32.649656172576414
393,produit,12978764,13586626310,32.680874913206665
394,conscience,12959178,13599585488,32.71204654224339
395,contrôle,12959172,13612544660,32.743218156847895
396,économiques,12910660,13625455320,32.774273082101594
397,rapports,12897812,13638353132,32.80529710315057
398,accord,12892860,13651245992,32.83630921280309
399,application,12851140,13664097132,32.867220970383634
400,tête,12849006,13676946138,32.89812759490277
401,intérieur,12844642,13689790780,32.92902372238351
402,cinq,12819552,13702610332,32.95985949910955
403,grâce,12815296,13715425628,32.99068503857725
404,image,12792666,13728218294,33.021456144502544
405,structure,12772688,13740990982,33.05217919592894
406,comment,12748254,13753739236,33.082843474523926
407,vrai,12724152,13766463388,33.11344977887062
408,s'en,12708908,13779172296,33.14401941574403
409,groupes,12702102,13791874398,33.17457268166342
410,mesures,12647644,13804522042,33.20499495589691
411,jeune,12646294,13817168336,33.235413982879756
412,national,12632692,13829801028,33.26580029200825
413,besoin,12622550,13842423578,33.296162205865556
414,bonne,12621628,13855045206,33.32652190197095
415,chacun,12607654,13867652860,33.35684798542403
416,mère,12603880,13880256740,33.38716499100752
417,concerne,12602390,13892859130,33.417478412588444
418,questions,12454298,13905313428,33.44743561798904
419,construction,12445554,13917758982,33.4773717908269
420,publique,12441430,13930200412,33.50729804391536
421,vient,12420572,13942620984,33.53717412577858
422,Unis,12408328,13955029312,33.56702075628107
423,gens,12397016,13967426328,33.59684017722848
424,ouvrage,12333816,13979760144,33.62650757873799
425,seront,12331862,13992092006,33.656170280152864
426,sociales,12325046,14004417052,33.685816586559994
427,yeux,12320780,14016737832,33.715452631655076
428,connaissance,12319659,14029057491,33.74508598032943
429,égard,12282222,14041339713,33.77462927913516
430,qualité,12264198,14053603911,33.804129223536656
431,n'était,12210891,14065814802,33.8335009448341
432,maintenant,12209552,14078024354,33.86286944533997
433,modèle,12183078,14090207432,33.89217426605788
434,voie,12173862,14102381294,33.921456918878015
435,votre,12137466,14114518760,33.950652025820595
436,haut,12135520,14126654280,33.97984245191149
437,sommes,12123154,14138777434,34.009003133186425
438,outre,12118656,14150896090,34.03815299510327
439,nouveaux,12113364,14163009454,34.06729012779755
440,Après,12104680,14175114134,34.096406372251344
441,administration,12025798,14187139932,34.12533287624154
442,expression,11996184,14199136116,34.154188147579305
443,sein,11950923,14211087039,34.1829345494269
444,voit,11895256,14222982295,34.21154705149523
445,direction,11884146,14234866441,34.24013282989339
446,sait,11877418,14246743859,34.26870242495646
447,soient,11836642,14258580501,34.29717393861763
448,rendre,11827958,14270408459,34.32562456403832
449,activités,11811526,14282219985,34.35403566440515
450,mots,11811370,14294031355,34.38244638953414
451,volonté,11775836,14305807191,34.41077164221524
452,août,11768696,14317575887,34.43907972054845
453,qu'elles,11749468,14329325355,34.4673415484109
454,secteur,11722650,14341048005,34.49553886903783
455,dernière,11717606,14352765611,34.523724056974174
456,décision,11714700,14364480311,34.55190225490282
457,février,11694402,14376174713,34.5800316286139
458,plupart,11674310,14387849023,34.6081126736138
459,Allemagne,11622610,14399471633,34.63606936094062
460,parler,11608268,14411079901,34.663991550438666
461,Louis,11527218,14422607119,34.6917187846291
462,pourquoi,11511652,14434118771,34.71940857681684
463,théorie,11441469,14445560240,34.74692955286202
464,commerce,11400550,14456960790,34.774352103537275
465,maison,11368938,14468329728,34.80169861562914
466,critique,11367910,14479697638,34.82904265499977
467,ensuite,11347082,14491044720,34.85633659530627
468,furent,11340842,14502385562,34.88361552609865
469,influence,11290576,14513676138,34.91077354851975
470,autour,11264136,14524940274,34.93786797293549
471,pourtant,11262744,14536203018,34.96495904907502
472,relation,11253922,14547456940,34.99202890503288
473,certaine,11250116,14558707056,35.01908960614928
474,deuxième,11241976,14569949032,35.04613072754693
475,classe,11200064,14581149096,35.0730710350414
476,prise,11199404,14592348500,35.10000975499111
477,divers,11175392,14603523892,35.126890717175904
478,techniques,11175198,14614699090,35.15377121271876
479,premiers,11122762,14625821852,35.180525580235575
480,suivant,11104324,14636926176,35.20723559752461
481,puisque,11072492,14647998668,35.23386904704866
482,Nord,11025670,14659024338,35.26038987229864
483,existe,11023882,14670048220,35.28690639674553
484,devient,11023680,14681071900,35.313422435307515
485,montre,11018974,14692090874,35.339927154194264
486,amour,10995248,14703086122,35.36637480325216
487,devait,10977618,14714063740,35.392780045621926
488,fils,10967832,14725031572,35.419161749032526
489,dessus,10933230,14735964802,35.44546022180088
490,difficile,10918726,14746883528,35.47172380707038
491,constitue,10911402,14757794930,35.49796977540376
492,date,10896474,14768691404,35.52417983636105
493,diverses,10877922,14779569326,35.55034527287828
494,fond,10809014,14790378340,35.57634496010078
495,centre,10802970,14801181310,35.60233010926186
496,longtemps,10802380,14811983690,35.62831383925413
497,trouver,10770030,14822753720,35.65421975549932
498,véritable,10766064,14833519784,35.6801161320437
499,information,10760996,14844280780,35.7060003181686
500,forces,10757568,14855038348,35.73187625868222
501,commun,10728152,14865766500,35.757681442806835
502,valeurs,10709986,14876476486,35.78344293096454
503,sociétés,10707870,14887184356,35.80919932935752
504,unité,10700742,14897885098,35.83493858226705
505,affaires,10687962,14908573060,35.86064709453709
506,Commission,10666206,14919239266,35.88630327555886
507,lettre,10665422,14929904688,35.911957570769886
508,faits,10639046,14940543734,35.937548421919296
509,textes,10589652,14951133386,35.9630204621808
510,petite,10560064,14961693450,35.988421332329516
511,école,10527960,14972221410,36.01374498045238
512,acte,10525450,14982746860,36.0390625910944
513,voix,10500830,14993247690,36.06432098150603
514,second,10434630,15003682320,36.0894201363672
515,programme,10431312,15014113632,36.11451131020789
516,points,10392032,15024505664,36.13950800108148
517,peine,10390866,15034896530,36.16450188729265
518,figure,10384946,15045281476,36.18948153370838
519,Enfin,10341278,15055622754,36.214356142389704
520,quoi,10286116,15065908870,36.239098066004054
521,coup,10277146,15076186016,36.263818413441854
522,États,10275669,15086461685,36.288535208146904
523,occasion,10271152,15096732837,36.31324113779181
524,note,10270490,15107003327,36.33794547508122
525,science,10248888,15117252215,36.36259785154947
526,tableau,10227116,15127479331,36.3871978582835
527,seconde,10225538,15137704869,36.411794069342335
528,environ,10193842,15147898711,36.436314039766614
529,prend,10151942,15158050653,36.46073322515217
530,historique,10124224,15168174877,36.48508573846843
531,armée,10114134,15178289011,36.50941398159278
532,personnel,10110394,15188399405,36.53373322863015
533,méthode,10103796,15198503201,36.55803660503062
534,tour,10099492,15208602693,36.58232962871495
535,sécurité,10095132,15218697825,36.60661216498235
536,passe,10091006,15228788831,36.630884776689626
537,idées,10030558,15238819389,36.65501198853959
538,Voir,10026626,15248846015,36.67912974247136
539,Paul,10013752,15258859767,36.703216529658775
540,passage,9983130,15268842897,36.72722965957993
541,retour,9966660,15278809557,36.75120317304315
542,série,9958340,15288767897,36.775156673820874
543,auteurs,9951400,15298719297,36.799093481324874
544,libre,9926442,15308645739,36.82297025558313
545,lutte,9903420,15318549159,36.84679165339362
546,Cependant,9898612,15328447771,36.87060148618105
547,cœur,9895641,15338343412,36.89440417261167
548,vérité,9891746,15348235158,36.91819749012283
549,zone,9887564,15358122722,36.94198074837307
550,international,9887540,15368010262,36.96576394889442
551,lois,9887096,15377897358,36.98954608143111
552,industrie,9884878,15387782236,37.01332287885524
553,importante,9872944,15397655180,37.03707097058363
554,moyenne,9867004,15407522184,37.06080477440914
555,charge,9866550,15417388734,37.08453748619628
556,heure,9828244,15427216978,37.108178057847546
557,effets,9816494,15437033472,37.131790366391286
558,Université,9796524,15446829996,37.1553546396791
559,langage,9792448,15456622444,37.17890910867532
560,malgré,9762712,15466385156,37.20239205156386
561,absence,9762102,15476147258,37.22587352717618
562,autorité,9761552,15485908810,37.24935367983453
563,parties,9747268,15495656078,37.27279947417561
564,croissance,9745560,15505401638,37.29624116014329
565,puissance,9737164,15515138802,37.31966265061729
566,mode,9732202,15524871004,37.34307220564111
567,apparaît,9731294,15534602298,37.3664795765882
568,comprendre,9696860,15544299158,37.38980412099534
569,Jacques,9691174,15553990332,37.41311498846381
570,Cela,9685596,15563675928,37.43641243877367
571,crise,9655220,15573331148,37.45963682353851
572,nombreuses,9654688,15582985836,37.48285992864606
573,concernant,9644464,15592630300,37.506058441242004
574,J'ai,9611401,15602241701,37.52917742506144
575,usage,9601606,15611843307,37.552272848273375
576,notion,9588772,15621432079,37.57533740095579
577,gauche,9553328,15630985407,37.5983166976737
578,tandis,9542575,15640527982,37.62127012943883
579,solution,9537192,15650065174,37.64421061309265
580,condition,9505684,15659570858,37.66707530832166
581,propres,9490500,15669061358,37.68990348039963
582,double,9489392,15678550750,37.7127289873267
583,gestion,9487166,15688037916,37.73554913989825
584,premières,9474634,15697512550,37.75833914836227
585,régions,9443356,15706955906,37.78105392163676
586,nécessité,9431742,15716387648,37.80374075893417
587,aller,9396704,15725784352,37.82634331684764
588,Union,9381542,15735165894,37.848909404528236
589,that,9374018,15744539912,37.871457394198536
590,philosophie,9366915,15753906827,37.89398829851967
591,dispositions,9358052,15763264879,37.91649788403894
592,intérêts,9335180,15772600059,37.938952453916066
593,différence,9324946,15781925005,37.96138240722789
594,règles,9319666,15791244671,37.9837996601816
595,territoire,9315552,15800560223,38.00620701743963
596,forte,9266845,15809827068,38.02849721629953
597,principes,9260368,15819087436,38.05077183557242
598,Vous,9256604,15828344040,38.07303740102942
599,européenne,9251492,15837595532,38.09529067023061
600,durée,9237302,15846832834,38.11750980721941
601,ancien,9223000,15856055834,38.13969454259428
602,paraît,9221662,15865277496,38.16187605958294
603,paix,9218067,15874495563,38.18404892926338
604,commune,9188210,15883683773,38.20614998178628
605,faible,9188162,15892871935,38.22825091885137
606,livres,9174648,15902046583,38.25031934973477
607,avenir,9136708,15911183291,38.27229652084801
608,compris,9135638,15920318929,38.29427111821443
609,affaire,9131464,15929450393,38.31623567556292
610,vingt,9128170,15938578563,38.33819230961982
611,troisième,9118176,15947696739,38.36012490440041
612,difficultés,9084978,15956781717,38.38197764567944
613,éducation,9072932,15965854649,38.403801411861174
614,nuit,9072584,15974927233,38.42562434097385
615,n'avait,9071931,15983999164,38.44744569937936
616,biens,9052488,15993051652,38.46922029015938
617,passer,9052236,16002103888,38.49099427478595
618,militaire,9045746,16011149634,38.512752648555676
619,total,9032954,16020182588,38.53448025282146
620,large,9016642,16029199230,38.55616862067789
621,ressources,9000528,16038199758,38.5778182283884
622,champ,8968052,16047167810,38.5993897192751
623,articles,8941700,16056109510,38.62089782382909
624,raisons,8940718,16065050228,38.64240356630889
625,Cour,8938136,16073988364,38.66390309812116
626,appel,8928128,16082916492,38.68537855698193
627,delà,8866908,16091783400,38.7067067590391
628,publics,8850560,16100633960,38.727995638093574
629,conception,8849196,16109483156,38.749281236222195
630,risque,8844796,16118327952,38.77055625071906
631,chapitre,8843922,16127171874,38.79182916292181
632,Société,8835488,16136007362,38.81308178822678
633,fonctions,8827690,16144835052,38.83431565644985
634,quel,8824676,16153659728,38.85554227488516
635,villes,8746144,16162405872,38.87657999473667
636,majorité,8744190,16171150062,38.89761301449353
637,progrès,8707498,16179857560,38.91855777638306
638,logique,8707062,16188564622,38.939501489530905
639,Français,8705726,16197270348,38.96044198910328
640,Elles,8701740,16205972088,38.98137290086744
641,départ,8701010,16214673098,39.00230205671089
642,petits,8674538,16223347636,39.02316753757711
643,besoins,8673632,16232021268,39.04403083917734
644,humaine,8664731,16240685999,39.064872730571615
645,internationale,8651130,16249337129,39.085681906516925
646,bois,8646056,16257983185,39.10647887761052
647,protection,8644482,16266627667,39.12727206265039
648,utilisation,8642228,16275269895,39.14805982598437
649,permis,8639226,16283909121,39.16884036839504
650,auprès,8631036,16292540157,39.189601210818424
651,Quand,8627158,16301167315,39.210352725213646
652,Président,8615724,16309783039,39.23107673659854
653,ligne,8613352,16318396391,39.251795042443774
654,justice,8599648,16326996039,39.27248038508683
655,quelle,8585822,16335581861,39.29313247107249
656,directement,8585150,16344167011,39.31378294064893
657,communauté,8584780,16352751791,39.33443252023815
658,sociaux,8583518,16361335309,39.35507906424936
659,penser,8577048,16369912357,39.375710045511155
660,pages,8572560,16378484917,39.39633023146855
661,travailleurs,8568038,16387052955,39.416939540338966
662,moderne,8565356,16395618311,39.437542398004744
663,faite,8565220,16404183531,39.45814492854009
664,réponse,8559418,16412742949,39.47873350311375
665,opposition,8517572,16421260521,39.499221422538696
666,lumière,8495496,16429756017,39.51965624099671
667,tels,8480224,16438236241,39.54005432463105
668,traitement,8468198,16446704439,39.56042348127553
669,genre,8452058,16455156497,39.58075381523443
670,scientifique,8416036,16463572533,39.60099750292448
671,Histoire,8380456,16471952989,39.62115560751959
672,Bien,8379928,16480332917,39.641312442078885
673,capital,8379668,16488712585,39.66146865124176
674,institutions,8364654,16497077239,39.68158874616666
675,aura,8360528,16505437767,39.70169891653141
676,exploitation,8357430,16513795197,39.72180163505726
677,faisant,8353972,16522149169,39.74189603581071
678,droite,8334582,16530483751,39.76194379642332
679,sciences,8317484,16538801235,39.78195043000509
680,lecture,8293920,16547095155,39.801900383428084
681,possibilité,8274164,16555369319,39.82180281634451
682,François,8207448,16563576767,39.84154477253913
683,puisse,8200136,16571776903,39.86126914066207
684,simplement,8190250,16579967153,39.880969729288765
685,recherches,8179544,16588146697,39.9006445660151
686,unique,8167042,16596313739,39.92028933079504
687,parents,8162614,16604476353,39.93992344459285
688,étranger,8161648,16612638001,39.95955523480241
689,regard,8159280,16620797281,39.97918132909379
690,succès,8157748,16628955029,39.998803738357026
691,presse,8145192,16637100221,40.01839594578384
692,attention,8141380,16645241601,40.03797898393695
693,essentiel,8139380,16653380981,40.05755721134837
694,opinion,8118508,16661499489,40.077085233859336
695,phénomène,8048708,16669548197,40.09644536148479
696,parole,8045041,16677593238,40.115796668615324
697,mémoire,8044234,16685637472,40.13514603461159
698,Marie,8041841,16693679313,40.15448964455539
699,assurer,8025882,16701705195,40.173794867185755
700,parle,8012546,16709717741,40.19306801179043
701,habitants,8007312,16717725053,40.212328566684064
702,Michel,7997566,16725722619,40.23156567883336
703,statut,7986286,16733708905,40.25077565839945
704,longue,7982048,16741690953,40.269975444003855
705,généralement,7981978,16749672931,40.2891750612323
706,littérature,7966825,16757639756,40.30833822987622
707,structures,7943576,16765583332,40.32744547605318
708,santé,7943448,16773526780,40.346552414342675
709,obtenir,7942450,16781469230,40.36565695207205
710,argent,7932090,16789401320,40.384736570159404
711,fille,7886450,16797287770,40.403706407121035
712,scène,7882436,16805170206,40.42266658892405
713,intervention,7853152,16813023358,40.441556331847025
714,responsabilité,7845054,16820868412,40.460426596076836
715,connaître,7828426,16828696838,40.4792568638001
716,francs,7827136,16836523974,40.498084028594974
717,énergie,7804750,16844328724,40.51685734675793
718,désormais,7800892,16852129616,40.535621385000134
719,tenir,7799576,16859929192,40.5543822577743
720,actions,7796220,16867725412,40.57313505812389
721,communication,7780998,16875506410,40.591851243918356
722,davantage,7763126,16883269536,40.610524440924934
723,Comité,7755196,16891024732,40.62917856334066
724,Charles,7750081,16898774813,40.647820382284465
725,représentation,7746129,16906520942,40.666452695202665
726,devenir,7733488,16914254430,40.685054601827915
727,contexte,7729180,16921983610,40.70364614611553
728,hors,7716478,16929700088,40.722207137382576
729,Sans,7714338,16937414426,40.740762981155996
730,ouvriers,7705596,16945120022,40.759297797177425
731,aspect,7700333,16952820355,40.77781995373205
732,faveur,7682488,16960502843,40.796299186443804
733,c'était,7677614,16968180457,40.81476669537803
734,Assemblée,7666098,16975846555,40.833206504061515
735,tient,7662018,16983508573,40.85163649883192
736,entrée,7653354,16991161927,40.870045653469255
737,opérations,7648696,16998810623,40.888443603889165
738,attitude,7645206,17006455829,40.90683315956479
739,étrangers,7632076,17014087905,40.925191132721125
740,with,7629188,17021717093,40.94354215916643
741,pratiques,7621394,17029338487,40.96187443815131
742,consommation,7601122,17036939609,40.98015795545827
743,rencontre,7585098,17044524707,40.99840292910268
744,vont,7581640,17052106347,41.016639584974676
745,dernières,7579756,17059686103,41.034871709128
746,connu,7561160,17067247263,41.053059103004934
747,volume,7553204,17074800467,41.07122735975137
748,lettres,7544465,17082344932,41.08937459596192
749,définition,7523612,17089868544,41.10747167297408
750,avis,7518870,17097387414,41.12555734371766
751,supérieur,7500854,17104888268,41.143599679299946
752,défense,7492608,17112380876,41.16162218019419
753,mission,7475714,17119856590,41.17960404475324
754,essentiellement,7471316,17127327906,41.19757533049129
755,Italie,7467914,17134795820,41.21553843315769
756,directeur,7463300,17142259120,41.233490437442974
757,faisait,7451872,17149710992,41.25141495315016
758,traité,7451638,17157162630,41.26933890600057
759,fonds,7450330,17164612960,41.2872597126259
760,religion,7430438,17172043398,41.30513267161422
761,désir,7428249,17179471647,41.32300036524575
762,interprétation,7405173,17186876820,41.34081255253948
763,méthodes,7387348,17194264168,41.35858186409776
764,tenu,7385742,17201649910,41.37634731263045
765,propriété,7384674,17209034584,41.394110192227075
766,objets,7378636,17216413220,41.41185854819449
767,morale,7376966,17223790186,41.42960288719257
768,guère,7371792,17231161978,41.44733478080187
769,résultat,7367680,17238529658,41.465056783526215
770,types,7364732,17245894390,41.482771695217295
771,juste,7362584,17253256974,41.500481440171775
772,représente,7359412,17260616386,41.518183555289916
773,Quant,7356983,17267973369,41.53587982776226
774,devrait,7346542,17275319911,41.55355098575752
775,conduit,7341604,17282661515,41.571210266031514
776,extérieur,7325918,17289987433,41.5888318156583
777,cité,7325040,17297312473,41.6064512533695
778,tradition,7324384,17304636857,41.624069113157404
779,changement,7318980,17311955837,41.64167397432122
780,tendance,7316226,17319272063,41.659272211093715
781,Avec,7306668,17326578731,41.676847457331604
782,derniers,7299236,17333877967,41.6944048268533
783,moitié,7288168,17341166135,41.71193557373041
784,Québec,7286753,17348452888,41.72946291700776
785,référence,7276794,17355729682,41.746966305196786
786,source,7274908,17363004590,41.76446515685638
787,garde,7265608,17370270198,41.78194163856705
788,toutefois,7241860,17377512058,41.79936099753071
789,vivre,7221506,17384733564,41.81673139757603
790,telles,7213360,17391946924,41.83408220347038
791,courant,7212112,17399159036,41.85143000746191
792,sentiment,7190596,17406349632,41.86872605749417
793,événements,7189176,17413538808,41.88601869189982
794,juge,7181136,17420719944,41.90329198712382
795,facteurs,7180630,17427900574,41.92056406523016
796,lesquels,7178148,17435078722,41.937830173206045
797,maître,7160951,17442239673,41.95505491601938
798,Alors,7155996,17449395669,41.97226774022014
799,s'était,7149879,17456545548,41.98946585076739
800,surface,7134702,17463680250,42.00662745500121
801,durant,7116576,17470796826,42.023745459482946
802,établissement,7112996,17477909822,42.040854852737034
803,physique,7108670,17485018492,42.05795384035682
804,dehors,7091901,17492110393,42.075012492312766
805,réel,7089338,17499199731,42.092064979303224
806,élément,7085018,17506284749,42.109107075091586
807,manque,7072542,17513357291,42.126119161473206
808,nécessaires,7069378,17520426669,42.14312363726144
809,fonctionnement,7068298,17527494967,42.160125515249156
810,terrain,7053568,17534548535,42.1770919621242
811,limites,7048362,17541596897,42.19404588663859
812,actes,7036591,17548633488,42.21097149753268
813,recours,7026928,17555660416,42.22787386532821
814,exercice,7023392,17562683808,42.244767727732416
815,mains,7013996,17569697804,42.26163898927208
816,anciens,7009870,17576707674,42.27850032625161
817,effort,7003382,17583711056,42.29534605718504
818,permettre,6996592,17590707648,42.31217545565039
819,humain,6985621,17597693269,42.32897846479211
820,pouvoirs,6982384,17604675653,42.345773687748384
821,Plus,6979223,17611654876,42.36256130732738
822,éviter,6966898,17618621774,42.37931928071063
823,révolution,6958812,17625580586,42.396057804265155
824,systèmes,6948914,17632529500,42.41277251945899
825,pense,6947601,17639477101,42.42948407640089
826,augmentation,6935916,17646413017,42.446167526584375
827,rapidement,6934308,17653347325,42.46284710893153
828,classes,6910490,17660257815,42.479469400155715
829,Amérique,6884490,17667142305,42.496029151737716
830,contrat,6882564,17674024869,42.51258427057547
831,projets,6876692,17680901561,42.52912526507557
832,roman,6866634,17687768195,42.54564206635564
833,objectif,6863564,17694631759,42.56215148314718
834,participation,6860832,17701492591,42.57865432846556
835,conséquences,6854280,17708346871,42.59514141379411
836,précisément,6853250,17715200121,42.61162602159068
837,agricole,6849348,17722049469,42.62810124363019
838,mouvements,6847062,17728896531,42.64457096699192
839,élèves,6841722,17735738253,42.6610278456733
840,Comment,6837620,17742575873,42.67747485752344
841,relative,6817580,17749393453,42.6938736657417
842,chemin,6815134,17756208587,42.710266590422854
843,autorités,6814082,17763022669,42.72665698465386
844,juridique,6813916,17769836585,42.743046979593316
845,pourra,6808680,17776645265,42.75942438001098
846,musique,6803972,17783449237,42.77579045594267
847,Centre,6796906,17790246143,42.79213953552391
848,contenu,6794564,17797040707,42.80848298172662
849,identité,6791698,17803832405,42.824819534136466
850,conseil,6771664,17810604069,42.84110789734664
851,règle,6766738,17817370807,42.857384411700004
852,vraiment,6761256,17824132063,42.873647739810345
853,sujets,6757580,17830889643,42.88990222577744
854,aspects,6757330,17837646973,42.90615611040181
855,totale,6756414,17844403387,42.92240779170649
856,quant,6753730,17851157117,42.938653016995794
857,vite,6749198,17857906315,42.9548873411444
858,individus,6739588,17864645903,42.971098549679105
859,capacité,6727086,17871372989,42.987279686267414
860,village,6718599,17878091588,43.00344040847329
861,campagne,6718198,17884809786,43.01960016612546
862,demander,6711444,17891521230,43.035743677902886
863,naissance,6707294,17898228524,43.05187720739127
864,accès,6705884,17904934408,43.06800734530676
865,commission,6703522,17911637930,43.08413180173629
866,anglais,6689600,17918327530,43.10022277059281
867,route,6688100,17925015630,43.11631013139306
868,largement,6685778,17931701408,43.13239190692217
869,documents,6679360,17938380768,43.14845824478116
870,évidence,6679028,17945059796,43.164523784057025
871,profit,6676220,17951736016,43.18058256905154
872,voire,6667746,17958403762,43.19662097093344
873,nord,6656314,17965060076,43.21263187461576
874,disposition,6648026,17971708102,43.22862284258445
875,enquête,6629222,17978337324,43.24456857995962
876,dépenses,6627516,17984964840,43.260510213772115
877,cent,6618609,17991583449,43.276430422946426
878,impossible,6612706,17998196155,43.2923364332166
879,poids,6611802,18004807957,43.308240269031515
880,somme,6611586,18011419543,43.32414358528633
881,informations,6607642,18018027185,43.340037414758505
882,militaires,6601686,18024628871,43.355916917841874
883,individu,6593737,18031222608,43.37177730063234
884,actuellement,6593284,18037815892,43.3876365937898
885,lesquelles,6572110,18044388002,43.403444955624835
886,Institut,6558622,18050946624,43.41922087381781
887,preuve,6558428,18057505052,43.43499632536883
888,indépendance,6555196,18064060248,43.450764002761254
889,masse,6541524,18070601772,43.466498793923385
890,populaire,6537708,18077139480,43.48222440619034
891,portant,6536602,18083676082,43.49794735811713
892,rend,6535392,18090211474,43.51366739954519
893,pose,6534602,18096746076,43.52938554073028
894,matériel,6532552,18103278628,43.54509875090512
895,conséquence,6530778,18109809406,43.560807693952064
896,mondiale,6519414,18116328820,43.57648930236464
897,Revue,6497532,18122826352,43.59211827645221
898,offre,6488630,18129314982,43.607725837928456
899,équilibre,6487626,18135802608,43.62333098441237
900,permettent,6480300,18142282908,43.638918509149406
901,réflexion,6480178,18148763086,43.654505740431205
902,hypothèse,6475728,18155238814,43.6700822678127
903,réseau,6475660,18161714474,43.68565863162899
904,examen,6474534,18168189008,43.701232286997694
905,ministère,6472842,18174661850,43.71680187247891
906,laisse,6447030,18181108880,43.73230937052768
907,entendu,6439542,18187548422,43.74779885715951
908,tiers,6436334,18193984756,43.76328062736164
909,édition,6425508,18200410264,43.778736357018914
910,donnée,6419642,18206829906,43.79417797677077
911,coopération,6416582,18213246488,43.809612236087816
912,laisser,6414728,18219661216,43.825042035847304
913,jusqu'au,6408640,18226069856,43.84045719170903
914,constituent,6399968,18232469824,43.85585148819473
915,caractéristiques,6391498,18238861322,43.87122541118931
916,limite,6379876,18245241198,43.88657137896383
917,exécution,6377488,18251618686,43.90191160271276
918,familles,6360604,18257979290,43.917211214180206
919,objectifs,6350132,18264329422,43.93248563660409
920,catégories,6349510,18270678932,43.9477585628873
921,décret,6331022,18277009954,43.962987018674184
922,Depuis,6327702,18283337656,43.97820748862984
923,relativement,6319676,18289657332,43.99340865307902
924,centrale,6310142,18295967474,44.008586884722504
925,agriculture,6308622,18302276096,44.02376146020229
926,Parti,6308010,18308584106,44.03893456359511
927,décisions,6305964,18314890070,44.05410274559917
928,petites,6302232,18321192302,44.069261950759206
929,zones,6293384,18327485686,44.08439987319793
930,mariage,6293376,18333779062,44.099537776393696
931,demeure,6280432,18340059494,44.11464454446914
932,Rome,6275524,18346335018,44.129739506984436
933,créer,6274330,18352609348,44.14483159748694
934,Deux,6267534,18358876882,44.159907341089124
935,sources,6253124,18365130006,44.17494842329732
936,pièces,6247130,18371377136,44.18997508771263
937,signe,6239356,18377616492,44.20498305277493
938,auquel,6236928,18383853420,44.21998517759679
939,Journal,6230546,18390083966,44.234971951341876
940,Tous,6228814,18396312780,44.24995455898465
941,environnement,6225384,18402538164,44.264928916205385
942,procédure,6218274,18408756438,44.27988617123936
943,lieux,6213770,18414970208,44.294832592483026
944,comportement,6213742,18421183950,44.3097789463763
945,atteint,6204096,18427388046,44.32470209806233
946,membre,6202854,18433590900,44.33962226227776
947,Henri,6194830,18439785730,44.35452312579746
948,approche,6181868,18445967598,44.36939281090018
949,Aussi,6170536,18452138134,44.384235238340395
950,espèce,6164722,18458302856,44.39906368095446
951,plein,6124696,18464427552,44.41379584619479
952,seraient,6122744,18470550296,44.4285233161512
953,revenu,6106692,18476656988,44.44321217509469
954,lignes,6102720,18482759708,44.45789147990516
955,actuelle,6091270,18488850978,44.47254324321935
956,pied,6089862,18494940840,44.48719161977139
957,degré,6086204,18501027044,44.50183119747685
958,chefs,6082928,18507109972,44.51646289518739
959,convient,6081792,18513191764,44.53109186039664
960,soir,6078646,18519270410,44.54571325830919
961,perspective,6066814,18525337224,44.560306195873814
962,terres,6066562,18531403786,44.57489852728499
963,qu'au,6062640,18537466426,44.58948142483167
964,religieux,6060183,18543526609,44.604058412382166
965,Angleterre,6058438,18549585047,44.61863120256053
966,théâtre,6057333,18555642380,44.6332013348041
967,venir,6053258,18561695638,44.64776166516144
968,croire,6048910,18567744548,44.662311536966314
969,concept,6048906,18573793454,44.6768613991497
970,bout,6047326,18579840780,44.69140746084715
971,partis,6037172,18585877952,44.70592909840896
972,consiste,6032776,18591910728,44.7204401619605
973,comprend,6032486,18597943214,44.73495052795448
974,gros,6031742,18603974956,44.74945910435256
975,établir,6029508,18610004464,44.76396230715215
976,police,6027604,18616032068,44.77846093012563
977,réalisation,6020556,18622052624,44.79294260004535
978,André,6015140,18628067764,44.80741124247653
979,huit,6006266,18634074030,44.82185853964676
980,évidemment,6006042,18640080072,44.83630529801392
981,Bruxelles,5994604,18646074676,44.850724543749266
982,opération,5982830,18652057506,44.86511546864819
983,Londres,5971470,18658028976,44.87947906853423
984,récit,5959930,18663988906,44.893814910440625
985,jugement,5958832,18669947738,44.90814811124983
986,armes,5957062,18675904800,44.92247705455262
987,section,5951742,18681856542,44.93679320128248
988,principaux,5946100,18687802642,44.95109577690998
989,prises,5939328,18693741970,44.96538206336607
990,liste,5931666,18699673636,44.97964991987069
991,transport,5928446,18705602082,44.99391003108116
992,portée,5927178,18711529260,45.00816709228139
993,amis,5922354,18717451614,45.02241254997262
994,répondre,5918766,18723370380,45.036649377193235
995,communes,5916916,18729287296,45.05088175447778
996,vieux,5915436,18735202732,45.065110571813456
997,continue,5906856,18741109588,45.07931875106721
998,Gouvernement,5903822,18747013410,45.0935196324258
999,organisations,5897918,18752911328,45.10770631247488
