,word,count,cumsum,cumsum_percent
0,dans,628357130,628357130,1.7466246185677727
1,pour,436645364,1065002494,2.9603540503415258
2,plus,331683580,1396686074,3.8823245011307024
3,sont,225717080,1622403154,4.509743193362668
4,avec,202953082,1825356236,5.073885513885719
5,comme,184560662,2009916898,5.586903001040461
6,nous,173913947,2183830845,6.070326148228256
7,même,171379266,2355210111,6.546703722089278
8,cette,167702512,2522912623,7.012861138103413
9,être,158941412,2681854035,7.454665599061981
10,mais,148503758,2830357793,7.8674568403623395
11,leur,140361426,2970719219,8.257615096621608
12,qu'il,125508986,3096228205,8.606488490958803
13,fait,123750322,3219978527,8.95047338210007
14,peut,119579574,3339558101,9.282864975756764
15,tout,119375208,3458933309,9.61468849964906
16,entre,115375470,3574308779,9.935394077193516
17,elle,114401836,3688710615,10.253393274826482
18,deux,110092606,3798803221,10.559414240900157
19,bien,106327022,3905130243,10.854968131160298
20,sans,97135232,4002265475,11.124971890871741
21,c'est,96528706,4098794181,11.393289709272386
22,dont,94568054,4193362235,11.656157564764767
23,aussi,93327128,4286689363,11.915576057151455
24,autres,84936338,4371625701,12.151670933582304
25,autre,81622584,4453248285,12.378554671888123
26,n'est,81301816,4534550101,12.604546781438733
27,était,75006528,4609556629,12.813040076259934
28,faire,74282354,4683838983,13.019520407312383
29,avait,72678362,4756517345,13.221542172079149
30,très,72626978,4829144323,13.423421106351732
31,sous,70867322,4900011645,13.620408779997085
32,encore,67991562,4968003207,13.809402793710396
33,leurs,66971136,5034974343,13.995560361256498
34,tous,66484492,5101458835,14.180365219729534
35,moins,63765902,5165224737,14.357613298793076
36,temps,62906190,5228130927,14.532471663357668
37,pays,62721752,5290852679,14.706817351394823
38,vous,62375030,5353227709,14.880199267156492
39,ainsi,61385822,5414613531,15.050831512447033
40,donc,60349820,5474963351,15.21858401545139
41,politique,58558186,5533521537,15.381356369584253
42,soit,57854632,5591376169,15.542173076716036
43,après,56639780,5648015949,15.699612897822647
44,contre,51773890,5699789839,15.843527157016332
45,celle,50254894,5750044733,15.983219110641356
46,dire,49425320,5799470053,16.120605123421367
47,celui,49157120,5848627173,16.257245629068038
48,toute,48730528,5897357701,16.392700350303723
49,alors,48062592,5945420293,16.526298430776492
50,travail,46837092,5992257385,16.656490027312245
51,part,46421956,6038679341,16.78552768332113
52,fois,45874010,6084553351,16.91304223100904
53,point,44367822,6128921173,17.03637007512443
54,avoir,44329824,6173250997,17.159592297390255
55,droit,43821190,6217072187,17.281400685669286
56,notre,43739348,6260811535,17.40298158030623
57,monde,43258982,6304070517,17.523227216629923
58,effet,43221014,6347291531,17.643367314494114
59,faut,42382844,6389674375,17.76117757748153
60,homme,41936098,6431610473,17.877746034615882
61,doit,41759454,6473369927,17.993823479960298
62,toujours,41671166,6515041093,18.10965551391848
63,toutes,40678794,6555719887,18.222729082533903
64,ceux,39560808,6595280695,18.332695020508112
65,qu'elle,39507061,6634787756,18.44251155963111
66,vers,39492076,6674279832,18.55228644541931
67,partie,39411620,6713691452,18.66183769018618
68,quelques,38540676,6752232128,18.768967999215764
69,trois,38059012,6790291140,18.874759441922187
70,avant,37650364,6827941504,18.979414978591976
71,sens,37476290,6865417794,19.083586647220265
72,chez,35478756,6900896550,19.182205833200953
73,premier,35409672,6936306222,19.280632988552256
74,nombre,35216922,6971523144,19.37852436277026
75,années,35022976,7006546120,19.475876631371253
76,depuis,34619992,7041166112,19.572108737978873
77,exemple,34450568,7075616680,19.66786990200425
78,pouvoir,33855346,7109472026,19.7619765460933
79,première,33743812,7143215838,19.85577316261856
80,déjà,33495018,7176710856,19.948878214260404
81,général,33290622,7210001478,20.04141511274779
82,souvent,32982854,7242984332,20.133096518172483
83,rapport,32853138,7275837470,20.22441735609789
84,qu'on,32845868,7308683338,20.315717985832173
85,grande,32844278,7341527616,20.407014195893296
86,cours,32475806,7374003422,20.49728617588568
87,elles,32439460,7406442882,20.587457126041116
88,seulement,32351932,7438794814,20.677384777358498
89,siècle,32291148,7471085962,20.76714346929634
90,question,32013752,7503099714,20.856131092267887
91,histoire,31817100,7534916814,20.94457208783904
92,qu'ils,31811126,7566727940,21.032996477669645
93,place,31767912,7598495852,21.121300746898985
94,grand,31716332,7630212184,21.209461640819086
95,ensemble,31501664,7661713848,21.2970258288283
96,lieu,31449398,7693163246,21.38444473467558
97,ailleurs,30748964,7723912210,21.469916666087983
98,également,30736582,7754648792,21.555354179643093
99,compte,30417510,7785066302,21.63990477876104
100,forme,30383588,7815449890,21.724361085958858
101,développement,30228572,7845678462,21.808386500040413
102,voir,30105920,7875784382,21.892070982202068
103,cela,30011096,7905795478,21.975491885063153
104,selon,29988510,7935783988,22.05885000632799
105,hommes,29075308,7964859296,22.139669728617513
106,sera,29007006,7993866302,22.22029959397854
107,chaque,28947896,8022814198,22.30076515312536
108,système,28915148,8051729346,22.381139683683056
109,français,28653730,8080383076,22.46078755882023
110,peuvent,28566258,8108949334,22.54019229078079
111,ordre,28282710,8137232044,22.618808853253494
112,s'est,28238069,8165470113,22.69730132853776
113,étaient,28198676,8193668789,22.775684304334685
114,société,28166906,8221835695,22.853978970058435
115,avons,27976548,8249812243,22.931744503616304
116,guerre,27950830,8277763073,23.0094385496557
117,article,27861122,8305624195,23.08688323717937
118,jour,27751602,8333375797,23.16402349539192
119,beaucoup,27442082,8360817879,23.24030339056229
120,économique,27366082,8388183961,23.316372030914863
121,tant,27124428,8415308389,23.391768953218218
122,jamais,26839710,8442148099,23.466374453821384
123,serait,26776268,8468924367,23.540803606685724
124,rien,26752634,8495677001,23.61516706486107
125,certains,26722880,8522399881,23.689447816775242
126,surtout,26563800,8548963681,23.763286378999737
127,plusieurs,26157602,8575121283,23.835995845375805
128,production,26130748,8601252031,23.908630666529803
129,action,26067998,8627320029,23.981091063475688
130,situation,25579514,8652899543,24.052193636758176
131,conditions,25458500,8678358043,24.122959831218015
132,quand,25220074,8703578117,24.19306328039906
133,niveau,24972530,8728550647,24.262478639282506
134,trop,24950292,8753500939,24.3318321838944
135,moment,24933352,8778434291,24.401138640919267
136,nature,24633574,8803067865,24.469611814434003
137,façon,24628788,8827696653,24.538071684454554
138,parce,24627199,8852323852,24.60652713758161
139,nouvelle,24205258,8876529110,24.6738097345366
140,raison,23779556,8900308666,24.739909020985714
141,reste,23727454,8924036120,24.805863481138545
142,prix,23509972,8947546092,24.871213413392898
143,nouveau,23477912,8971024004,24.936474229470164
144,mesure,23468842,8994492846,25.001709833952724
145,semble,23400016,9017892862,25.066754124960415
146,partir,23368584,9041261446,25.13171104542294
147,rôle,23057442,9064318888,25.195803094220732
148,gouvernement,22921034,9087239922,25.259515973976594
149,quelque,22911740,9110151662,25.323203019491974
150,laquelle,22803976,9132955638,25.38659051679439
151,sociale,22779120,9155734758,25.44990892265271
152,possible,22696966,9178431724,25.512998967612326
153,manière,22652028,9201083752,25.575964099821913
154,état,22594854,9223678606,25.638770307255804
155,puis,22539014,9246217620,25.70142129799199
156,pendant,22353872,9268571492,25.763557655313996
157,devant,22339508,9290911000,25.825654085475442
158,année,22032420,9312943420,25.886896912748885
159,française,22012846,9334956266,25.948085330788068
160,seul,21934136,9356890402,26.009054961107392
161,objet,21822524,9378712926,26.069714347048773
162,mois,21779400,9400492326,26.130253862559062
163,étude,21745066,9422237392,26.190697940925737
164,s'agit,21647849,9443885241,26.250871788244755
165,mise,21637064,9465522305,26.311015656837327
166,valeur,21631792,9487154097,26.371144871016757
167,plan,21564326,9508718423,26.43108655207068
168,corps,21558918,9530277341,26.491013200676523
169,abord,21411500,9551688841,26.550530076088542
170,qu'un,21385135,9573073976,26.60997366553646
171,mêmes,21333122,9594407098,26.66927267607862
172,autant,21327076,9615734174,26.72855488074409
173,enfants,21304888,9637039062,26.787775410121434
174,problème,21134672,9658173734,26.846522795418952
175,notamment,21013388,9679187122,26.90493305138329
176,politiques,20826748,9700013870,26.962824509989815
177,assez,20614876,9720628746,27.020127034639007
178,avaient,20599424,9741228170,27.07738660784814
179,doute,20593670,9761821840,27.13463018684383
180,jusqu'à,20589292,9782411132,27.191861596450153
181,ville,20461216,9802872348,27.248736997213776
182,fonction,20424758,9823297106,27.305511056817572
183,qu'une,20368147,9843665253,27.36212775659912
184,trouve,20325632,9863990885,27.418626278767793
185,mort,20274222,9884265107,27.474981898170903
186,sujet,20205016,9904470123,27.531145147825054
187,esprit,19996320,9924466443,27.586728291749523
188,groupe,19929834,9944396277,27.642126626623785
189,chose,19868170,9964264447,27.69735355601009
190,recherche,19797330,9984061777,27.752383573668855
191,telle,19635512,10003697289,27.806963790905158
192,celles,19633734,10023331023,27.8615390658906
193,lors,19611734,10042942757,27.916053188165623
194,texte,19576930,10062519687,27.970470566852768
195,suite,19533460,10082053147,28.02476711334347
196,membres,19384344,10101437491,28.078649166762975
197,aujourd'hui,19326516,10120764007,28.132370477503482
198,auteur,19264646,10140028653,28.185919810144288
199,analyse,19144782,10159173435,28.2391359605814
200,cause,19113764,10178287199,28.292265891256168
201,jours,18962736,10197249935,28.344976014133266
202,demande,18816916,10216066851,28.39728080572706
203,femmes,18812928,10234879779,28.44957451200225
204,mouvement,18784328,10253664107,28.5017887197539
205,savoir,18762550,10272426657,28.55394239188158
206,mieux,18698150,10291124807,28.605917053347863
207,population,18696226,10309821033,28.65788636673165
208,public,18609404,10328430437,28.709614343723448
209,dernier,18488188,10346918625,28.761005380399535
210,quatre,18434900,10365353525,28.812248294092313
211,propre,18362850,10383716375,28.863290932658487
212,près,18353670,10402070045,28.914308053866407
213,étant,18156746,10420226791,28.964777791604053
214,période,18135034,10438361825,29.01518717717586
215,époque,18130164,10456491989,29.065583025761317
216,terme,18102194,10474594183,29.11590112701448
217,particulier,18095140,10492689323,29.166199620484957
218,prendre,18093196,10510782519,29.216492710279564
219,nationale,18043506,10528826025,29.266647678338693
220,activité,18032584,10546858609,29.316772286856768
221,base,17972792,10564831401,29.366730693426607
222,intérêt,17952420,10582783821,29.416632472586603
223,idée,17952236,10600736057,29.466533740287566
224,femme,17941492,10618677549,29.516405143228496
225,type,17934246,10636611795,29.56625640469035
226,social,17908332,10654520127,29.616035633818672
227,côté,17885698,10672405825,29.66575194792665
228,permet,17870990,10690276815,29.715427378668053
229,qu'à,17803844,10708080659,29.764916165777922
230,pourrait,17780566,10725861225,29.814340247760835
231,formation,17606908,10743468133,29.863281618044418
232,seule,17560346,10761028479,29.91209356139607
233,générale,17558142,10778586621,29.960899378358008
234,problèmes,17481326,10796067947,30.009491672292526
235,cependant,17448304,10813516251,30.057992176008707
236,personnes,17446654,10830962905,30.10648809327161
237,titre,17414018,10848376923,30.154893293268277
238,certaines,17352478,10865729401,30.2031274324559
239,juin,17234214,10882963615,30.25103283690968
240,matière,17223586,10900187201,30.29890869904499
241,évolution,17154814,10917342015,30.346593397807542
242,caractère,17083420,10934425435,30.394079644906117
243,principe,16927648,10951353083,30.441132897458928
244,service,16906990,10968260073,30.488128727616658
245,réalité,16883042,10985143115,30.535057990269433
246,force,16820384,11001963499,30.58181308444361
247,début,16798592,11018762091,30.628507604078447
248,donner,16779348,11035541439,30.675148631769684
249,origine,16743642,11052285081,30.721690408611913
250,personne,16740928,11069026009,30.768224641433417
251,font,16731854,11085757863,30.814733651541538
252,aurait,16703584,11102461447,30.86116408041678
253,travaux,16683744,11119145191,30.907539360665897
254,ayant,16675066,11135820257,30.953890518950427
255,domaine,16640970,11152461227,31.000146901652485
256,organisation,16635094,11169096321,31.046386951021525
257,mettre,16556814,11185653135,31.092409407928233
258,cadre,16541292,11202194427,31.138388718818078
259,famille,16509296,11218703723,31.184279091429623
260,s'il,16498400,11235202123,31.230139176771505
261,projet,16486716,11251688839,31.275966784464813
262,relations,16485896,11268174735,31.321792112829833
263,donne,16460376,11284635111,31.367546504050765
264,entreprises,16448452,11301083563,31.413267750502648
265,éléments,16441476,11317525039,31.458969605986
266,parfois,16370330,11333895369,31.5044736991632
267,moyen,16293250,11350188619,31.54976353548045
268,produits,16227152,11366415771,31.59486964125893
269,marché,16222102,11382637873,31.6399617097107
270,sorte,16170680,11398808553,31.684910842040882
271,moyens,16139104,11414947657,31.7297722035536
272,droits,16088088,11431035745,31.774491757490203
273,mars,16069686,11447105431,31.819160159964216
274,livre,16036822,11463142253,31.86373721140754
275,nouvelles,15994680,11479136933,31.908197122054393
276,langue,15906488,11495043421,31.9524118881632
277,j'ai,15881203,11510924624,31.99655637035006
278,existence,15835540,11526760164,32.04057392452712
279,grands,15829730,11542589894,32.08457532882929
280,certain,15794388,11558384282,32.12847849408184
281,qu'en,15775163,11574159445,32.1723282202045
282,loin,15749870,11589909315,32.21610764016786
283,ministre,15655254,11605564569,32.25962405900174
284,culture,15644672,11621209241,32.3031110633819
285,terre,15604506,11636813747,32.34648641959086
286,importance,15591700,11652405447,32.38982617936302
287,donné,15569824,11667975271,32.43310513110367
288,milieu,15540132,11683515403,32.47630154892262
289,juillet,15538792,11699054195,32.51949424198557
290,suis,15520564,11714574759,32.562636267248266
291,économie,15508256,11730083015,32.605744080349155
292,liberté,15472590,11745555605,32.64875275378778
293,région,15390612,11760946217,32.6915335555494
294,décembre,15358170,11776304387,32.73422417930049
295,services,15328872,11791633259,32.77683336431933
296,entreprise,15292384,11806925643,32.819341124788274
297,présence,15232420,11822158063,32.861682205205966
298,choses,15202604,11837360667,32.90394040702304
299,doivent,15151156,11852511823,32.94605560044714
300,plutôt,15099648,11867611471,32.98802761869814
301,pensée,15083045,11882694516,33.029953486110465
302,jeunes,15068462,11897762978,33.07183881761478
303,études,14996592,11912759570,33.11352437433285
304,chef,14993808,11927753378,33.15520219245337
305,n'ont,14962418,11942715796,33.19679275677482
306,présente,14898686,11957614482,33.23820616725352
307,aucune,14878138,11972492620,33.2795624611007
308,enfant,14846456,11987339076,33.32083068948554
309,différents,14827956,12002167032,33.362047494000265
310,emploi,14766852,12016933884,33.40309444964147
311,janvier,14751800,12031685684,33.444099565710076
312,résultats,14749594,12046435278,33.48509854982964
313,porte,14657678,12061092956,33.525842037925074
314,espace,14642988,12075735944,33.56654469268797
315,grandes,14612242,12090348186,33.60716188375839
316,fort,14600371,12104948557,33.647746077382195
317,président,14583572,12119532129,33.688283575352266
318,face,14561078,12134093207,33.72875854745561
319,aucun,14551140,12148644347,33.769205895211854
320,petit,14527240,12163171587,33.809586808887246
321,lorsque,14482414,12177654001,33.849843121135486
322,nécessaire,14444080,12192098081,33.8899928775655
323,pris,14442292,12206540373,33.93013766394796
324,enfin,14410460,12220950833,33.97019396791778
325,pratique,14375352,12235326185,34.01015268328046
326,père,14372302,12249698487,34.050102920653735
327,millions,14295204,12263993691,34.089838851133024
328,main,14285614,12278279305,34.12954812458992
329,contraire,14261328,12292540633,34.16918989101384
330,expérience,14217892,12306758525,34.20871091975006
331,nombreux,14204576,12320963101,34.24819493441847
332,n'en,14185756,12335148857,34.28762663572278
333,octobre,14162718,12349311575,34.32699429902061
334,simple,14093976,12363405551,34.36617088233575
335,processus,14081216,12377486767,34.40531199707884
336,avril,14044238,12391531005,34.4443503252344
337,taux,14027948,12405558953,34.48334337258757
338,passé,13983600,12419542553,34.52221314719521
339,lequel,13883050,12433425603,34.56080342611956
340,long,13851510,12447277113,34.59930603429453
341,régime,13845816,12461122929,34.63779281503617
342,peuple,13835405,12474958334,34.67625065664745
343,différentes,13828014,12488786348,34.7146879537277
344,formes,13787934,12502574282,34.75301384168824
345,parmi,13777844,12516352126,34.79131168279205
346,propos,13777702,12530129828,34.829609129182906
347,presque,13671446,12543801274,34.867611219101136
348,présent,13661390,12557462664,34.905585356671374
349,termes,13619710,12571082374,34.94344363765205
350,technique,13610788,12584693162,34.981277118428984
351,pouvait,13523386,12598216548,35.01886765060612
352,données,13491434,12611707982,35.05636936681037
353,aide,13479342,12625187324,35.09383747126125
354,écrit,13342138,12638529462,35.13092419405396
355,veut,13310112,12651839574,35.1679218951783
356,position,13292610,12665132184,35.20487094654185
357,enseignement,13279836,12678412020,35.241784490418
358,septembre,13254452,12691666472,35.27862747518499
359,heures,13228326,12704894798,35.31539783832871
360,création,13217224,12718112022,35.352137341591
361,choix,13216918,12731328940,35.3888759942747
362,novembre,13146686,12744475626,35.425419425269396
363,discours,13122912,12757598538,35.46189677242148
364,afin,13119630,12770718168,35.498364996701035
365,particulièrement,13093064,12783811232,35.53475937630311
366,important,13084508,12796895740,35.57112997306015
367,travers,13012550,12809908290,35.607300550420106
368,tard,13004060,12822912350,35.64344752839318
369,parti,12990438,12835902788,35.67955664171983
370,produit,12978764,12848881552,35.7156333051946
371,conscience,12959178,12861840730,35.751655526079084
372,contrôle,12959172,12874799902,35.78767773028556
373,économiques,12910660,12887710562,35.82356508720623
374,rapports,12897812,12900608374,35.85941673094402
375,accord,12892860,12913501234,35.895254609762624
376,application,12851140,12926352374,35.93097652080493
377,tête,12849006,12939201380,35.966692500034334
378,intérieur,12844642,12952046022,36.00239634878972
379,cinq,12819552,12964865574,36.03803045565855
380,grâce,12815296,12977680870,36.07365273225758
381,image,12792666,12990473536,36.10921210495494
382,structure,12772688,13003246224,36.14471594543191
383,comment,12748254,13015994478,36.18015186748495
384,vrai,12724152,13028718630,36.21552079396407
385,s'en,12708908,13041427538,36.2508473471742
386,groupes,12702102,13054129640,36.28615498195947
387,mesures,12647644,13066777284,36.32131124154911
388,jeune,12646294,13079423578,36.356463748586066
389,national,12632692,13092056270,36.39157844656997
390,besoin,12622550,13104678820,36.42666495315438
391,bonne,12621628,13117300448,36.46174889688428
392,chacun,12607654,13129908102,36.4967939975244
393,mère,12603880,13142511982,36.53182860769501
394,concerne,12602390,13155114372,36.566859076159325
395,questions,12454298,13167568670,36.601477897933144
396,construction,12445554,13180014224,36.63607241428424
397,publique,12441430,13192455654,36.67065546728181
398,vient,12420572,13204876226,36.70518054195056
399,gens,12397016,13217273242,36.73964013874447
400,ouvrage,12333816,13229607058,36.77392406047937
401,seront,12331862,13241938920,36.80820255074171
402,sociales,12325046,13254263966,36.842462094782505
403,yeux,12320780,13266584746,36.87670978075682
404,connaissance,12319659,13278904405,36.91095435072256
405,égard,12282222,13291186627,36.945094858232856
406,qualité,12264198,13303450825,36.979185264995316
407,n'était,12210891,13315661716,37.01312749596077
408,maintenant,12209552,13327871268,37.04706600494988
409,modèle,12183078,13340054346,37.08093092499103
410,voie,12173862,13352228208,37.114770227605845
411,votre,12137466,13364365674,37.14850836140028
412,haut,12135520,13376501194,37.18224108595952
413,sommes,12123154,13388624348,37.215939437136164
414,outre,12118656,13400743004,37.249625285363194
415,nouveaux,12113364,13412856368,37.28329642358371
416,administration,12025798,13424882166,37.31672415733875
417,expression,11996184,13436878350,37.35006957398623
418,sein,11950923,13448829273,37.38328918005072
419,voit,11895256,13460724529,37.416354050300164
420,direction,11884146,13472608675,37.449388038430854
421,sait,11877418,13484486093,37.48240332495083
422,soient,11836642,13496322735,37.51530526770172
423,rendre,11827958,13508150693,37.54818307181
424,activités,11811526,13519962219,37.58101520040295
425,mots,11811370,13531773589,37.61384689536759
426,volonté,11775836,13543549425,37.64657981758622
427,août,11768696,13555318121,37.679292892970665
428,qu'elles,11749468,13567067589,37.7119525208862
429,secteur,11722650,13578790239,37.744537603647736
430,dernière,11717606,13590507845,37.77710866576058
431,décision,11714700,13602222545,37.80967165015631
432,février,11694402,13613916947,37.84217821283768
433,plupart,11674310,13625591257,37.87462892641642
434,parler,11608268,13637199525,37.906896065117834
435,pourquoi,11511652,13648711177,37.938894643352455
436,théorie,11441469,13660152646,37.97069813610184
437,commerce,11400550,13671553196,38.00238788758952
438,maison,11368938,13682922134,38.033989768191674
439,critique,11367910,13694290044,38.065588791294445
440,ensuite,11347082,13705637126,38.09712991945847
441,furent,11340842,13716977968,38.128653702490084
442,influence,11290576,13728268544,38.160037762697065
443,autour,11264136,13739532680,38.19134832846481
444,pourtant,11262744,13750795424,38.222655024933786
445,relation,11253922,13762049346,38.25393719916589
446,certaine,11250116,13773299462,38.28520879397909
447,deuxième,11241976,13784541438,38.31645776228943
448,classe,11200064,13795741502,38.34759022912709
449,prise,11199404,13806940906,38.37872086138344
450,divers,11175392,13818116298,38.40978474823604
451,techniques,11175198,13829291496,38.440848095832926
452,premiers,11122762,13840414258,38.471765688724204
453,suivant,11104324,13851518582,38.50263203008481
454,puisque,11072492,13862591074,38.53340988903279
455,existe,11023882,13873614956,38.564052628287435
456,devient,11023680,13884638636,38.594694806049006
457,montre,11018974,13895657610,38.62532390268989
458,amour,10995248,13906652858,38.655887048912255
459,devait,10977618,13917630476,38.68640118957624
460,fils,10967832,13928598308,38.71688812840275
461,dessus,10933230,13939531538,38.747278885134456
462,difficile,10918726,13950450264,38.777629325551985
463,constitue,10911402,13961361666,38.80795940767629
464,date,10896474,13972258140,38.83824799490691
465,diverses,10877922,13983136062,38.86848501372463
466,fond,10809014,13993945076,38.89853049113465
467,centre,10802970,14004748046,38.92855916822733
468,longtemps,10802380,14015550426,38.95858620531549
469,trouver,10770030,14026320456,38.98852332012267
470,véritable,10766064,14037086520,39.01844941076394
471,information,10760996,14047847516,39.048361414044486
472,forces,10757568,14058605084,39.078263888620874
473,commun,10728152,14069333236,39.108084596464096
474,valeurs,10709986,14080043222,39.13785480884653
475,sociétés,10707870,14090751092,39.16761913945009
476,unité,10700742,14101451834,39.197363656575476
477,affaires,10687962,14112139796,39.227072649535444
478,lettre,10665422,14122805218,39.25671898876392
479,faits,10639046,14133444264,39.28629201145195
480,textes,10589652,14144033916,39.31572773518642
481,petite,10560064,14154593980,39.34508121408472
482,école,10527960,14165121940,39.374345454500514
483,acte,10525450,14175647390,39.40360271794798
484,voix,10500830,14186148220,39.43279154595316
485,second,10434630,14196582850,39.461796359893356
486,programme,10431312,14207014162,39.49079195089295
487,points,10392032,14217406194,39.51967835650777
488,peine,10390866,14227797060,39.54856152102894
489,figure,10384946,14238182006,39.57742822991167
490,quoi,10286116,14248468122,39.6060202241412
491,coup,10277146,14258745268,39.63458728474289
492,occasion,10271152,14269016420,39.663137684010664
493,note,10270490,14279286910,39.69168624313779
494,science,10248888,14289535798,39.720174755862615
495,tableau,10227116,14299762914,39.748602749641485
496,seconde,10225538,14309988452,39.77702635710322
497,environ,10193842,14320182294,39.80536186018725
498,prend,10151942,14330334236,39.83358089515463
499,historique,10124224,14340458460,39.86172288326622
500,armée,10114134,14350572594,39.88983682452108
501,personnel,10110394,14360682988,39.91794036981518
502,méthode,10103796,14370786784,39.94602557485548
503,tour,10099492,14380886276,39.974098816201895
504,sécurité,10095132,14390981408,40.00215993819297
505,passe,10091006,14401072414,40.030209591271166
506,idées,10030558,14411102972,40.05809121893849
507,passage,9983130,14421086102,40.08584101248084
508,retour,9966660,14431052762,40.113545024880445
509,série,9958340,14441011102,40.14122591043683
510,auteurs,9951400,14450962502,40.16888750509274
511,libre,9926442,14460888944,40.196479724778364
512,lutte,9903420,14470792364,40.2240079509322
513,cœur,9895641,14480688005,40.25151455404357
514,vérité,9891746,14490579751,40.27901033034553
515,zone,9887564,14500467315,40.30649448207316
516,international,9887540,14510354855,40.33397856708876
517,lois,9887096,14520241951,40.361461417931466
518,industrie,9884878,14530126829,40.388938103469094
519,importante,9872944,14539999773,40.416381616441
520,moyenne,9867004,14549866777,40.44380861818109
521,charge,9866550,14559733327,40.47123435795161
522,heure,9828244,14569561571,40.498553619734615
523,effets,9816494,14579378065,40.52584022041093
524,langage,9792448,14589170513,40.553059981174755
525,malgré,9762712,14598933225,40.58019708571145
526,absence,9762102,14608695327,40.60733249465026
527,autorité,9761552,14618456879,40.634466374771314
528,parties,9747268,14628204147,40.6615605501053
529,croissance,9745560,14637949707,40.688649977765216
530,puissance,9737164,14647686871,40.71571606732711
531,mode,9732202,14657419073,40.74276836417312
532,apparaît,9731294,14667150367,40.76981813708001
533,comprendre,9696860,14676847227,40.79677219487642
534,crise,9655220,14686502447,40.823610507270025
535,nombreuses,9654688,14696157135,40.8504473408799
536,concernant,9644464,14705801599,40.87725575515745
537,usage,9601606,14715403205,40.90394503839577
538,notion,9588772,14724991977,40.930598647366566
539,gauche,9553328,14734545305,40.95715373376155
540,tandis,9542575,14744087880,40.98367893037948
541,solution,9537192,14753625072,41.010189164041044
542,condition,9505684,14763130756,41.03661181590261
543,propres,9490500,14772621256,41.06299226127532
544,double,9489392,14782110648,41.08936962677517
545,gestion,9487166,14791597814,41.115740804732575
546,premières,9474634,14801072448,41.1420771478824
547,régions,9443356,14810515804,41.168326548556024
548,nécessité,9431742,14819947546,41.19454366615789
549,aller,9396704,14829344250,41.22066338972941
550,that,9374018,14838718268,41.24672005373782
551,philosophie,9366915,14848085183,41.27275697375977
552,dispositions,9358052,14857443235,41.29876925757843
553,intérêts,9335180,14866778415,41.3247179648156
554,différence,9324946,14876103361,41.350638224923756
555,règles,9319666,14885423027,41.37654380838141
556,territoire,9315552,14894738579,41.40243795628222
557,forte,9266845,14904005424,41.42819671486184
558,principes,9260368,14913265792,41.45393746952758
559,européenne,9251492,14922517284,41.479653551854334
560,durée,9237302,14931754586,41.50533019068287
561,ancien,9223000,14940977586,41.5309670746903
562,paraît,9221662,14950199248,41.556600239501066
563,paix,9218067,14959417315,41.58222341140302
564,commune,9188210,14968605525,41.60776359073793
565,faible,9188162,14977793687,41.63330363664875
566,livres,9174648,14986968335,41.658806118117354
567,avenir,9136708,14996105043,41.68420313895718
568,compris,9135638,15005240681,41.70959718555155
569,affaire,9131464,15014372145,41.734979629808954
570,vingt,9128170,15023500315,41.7603529178378
571,troisième,9118176,15032618491,41.785698425858115
572,difficultés,9084978,15041703469,41.810951654438405
573,éducation,9072932,15050776401,41.83617139913008
574,nuit,9072584,15059848985,41.86139017649705
575,n'avait,9071931,15068920916,41.88660713874041
576,biens,9052488,15077973404,41.91177005588609
577,passer,9052236,15087025640,41.936932272555275
578,militaire,9045746,15096071386,41.96207644917488
579,total,9032954,15105104340,41.98718506827305
580,large,9016642,15114120982,42.01224834541612
581,ressources,9000528,15123121510,42.037266830978474
582,champ,8968052,15132089562,42.062195044021585
583,articles,8941700,15141031262,42.087050007236286
584,raisons,8940718,15149971980,42.11190224081637
585,appel,8928128,15158900108,42.13671947836809
586,delà,8866908,15167767016,42.161366544604725
587,publics,8850560,15176617576,42.18596816881819
588,conception,8849196,15185466772,42.210566001563606
589,risque,8844796,15194311568,42.235151603766944
590,chapitre,8843922,15203155490,42.25973477653988
591,fonctions,8827690,15211983180,42.284272829731194
592,quel,8824676,15220807856,42.30880250500119
593,villes,8746144,15229554000,42.333113887332345
594,majorité,8744190,15238298190,42.35741983819095
595,progrès,8707498,15247005688,42.38162379744726
596,logique,8707062,15255712750,42.40582654476803
597,départ,8701010,15264413760,42.4300124695341
598,petits,8674538,15273088298,42.45412481091153
599,besoins,8673632,15281761930,42.47823463390915
600,humaine,8664731,15290426661,42.502319715076084
601,internationale,8651130,15299077791,42.52636698996963
602,bois,8646056,15307723847,42.550400160824424
603,protection,8644482,15316368329,42.574428956480745
604,utilisation,8642228,15325010557,42.59845148676393
605,permis,8639226,15333649783,42.6224656724818
606,auprès,8631036,15342280819,42.64645709271339
607,ligne,8613352,15350894171,42.67039935728448
608,justice,8599648,15359493819,42.69430352927632
609,quelle,8585822,15368079641,42.71816926956933
610,directement,8585150,15376664791,42.742033141925
611,communauté,8584780,15385249571,42.76589598580327
612,sociaux,8583518,15393833089,42.7897553217397
613,penser,8577048,15402410137,42.81359667321993
614,pages,8572560,15410982697,42.837425549547234
615,travailleurs,8568038,15419550735,42.86124185621287
616,moderne,8565356,15428116091,42.88505070780719
617,faite,8565220,15436681311,42.90885918136656
618,réponse,8559418,15445240729,42.93265152728839
619,opposition,8517572,15453758301,42.956327555195685
620,lumière,8495496,15462253797,42.97994221913774
621,tels,8480224,15470734021,43.003514431980086
622,traitement,8468198,15479202219,43.02705321652719
623,genre,8452058,15487654277,43.0505471372222
624,scientifique,8416036,15496070313,43.07394092869291
625,capital,8379668,15504449981,43.097233629173964
626,institutions,8364654,15512814635,43.120484595709826
627,aura,8360528,15521175163,43.14372409333282
628,exploitation,8357430,15529532593,43.16695497954232
629,faisant,8353972,15537886565,43.190176253657604
630,droite,8334582,15546221147,43.21334362999767
631,sciences,8317484,15554538631,43.236463479563064
632,lecture,8293920,15562832551,43.25951782901626
633,possibilité,8274164,15571106715,43.28251726333552
634,puisse,8200136,15579306851,43.30531092434355
635,simplement,8190250,15587497101,43.328077105547266
636,recherches,8179544,15595676645,43.35081352761836
637,unique,8167042,15603843687,43.37351519827192
638,parents,8162614,15612006301,43.396204560552675
639,étranger,8161648,15620167949,43.418891237673506
640,regard,8159280,15628327229,43.44157133253897
641,succès,8157748,15636484977,43.46424716895205
642,presse,8145192,15644630169,43.48688810384549
643,attention,8141380,15652771549,43.50951844264202
644,essentiel,8139380,15660910929,43.53214322210124
645,opinion,8118508,15669029437,43.55470998431629
646,phénomène,8048708,15677078145,43.5770827256592
647,parole,8045041,15685123186,43.59944527395715
648,mémoire,8044234,15693167420,43.621805579062496
649,assurer,8025882,15701193302,43.644114871688686
650,parle,8012546,15709205848,43.66638709465368
651,habitants,8007312,15717213160,43.68864476883294
652,statut,7986286,15725199446,43.71084399769905
653,longue,7982048,15733181494,43.7330314463294
654,généralement,7981978,15741163472,43.75521870038294
655,littérature,7966825,15749130297,43.77736383411735
656,structures,7943576,15757073873,43.7994443433352
657,santé,7943448,15765017321,43.82152449675546
658,obtenir,7942450,15772959771,43.8436018760664
659,argent,7932090,15780891861,43.865650458010066
660,fille,7886450,15788778311,43.887572175876315
661,scène,7882436,15796660747,43.909482736152576
662,intervention,7853152,15804513899,43.93131189661194
663,responsabilité,7845054,15812358953,43.95311854731453
664,connaître,7828426,15820187379,43.97487897768673
665,francs,7827136,15828014515,43.99663582228636
666,énergie,7804750,15835819265,44.01833044122347
667,désormais,7800892,15843620157,44.04001433619891
668,tenir,7799576,15851419733,44.061694573130396
669,actions,7796220,15859215953,44.08336548149387
670,communication,7780998,15866996951,44.10499407774109
671,davantage,7763126,15874760077,44.126572995750095
672,représentation,7746129,15882506206,44.14810466773096
673,devenir,7733488,15890239694,44.169601201920365
674,contexte,7729180,15897968874,44.1910857612972
675,hors,7716478,15905685352,44.21253501332277
676,ouvriers,7705596,15913390948,44.23395401699404
677,aspect,7700333,15921091281,44.255358391269176
678,faveur,7682488,15928773769,44.276713162357154
679,c'était,7677614,15936451383,44.298054385340116
680,tient,7662018,15944113401,44.31935225661072
681,entrée,7653354,15951766755,44.340626044832106
682,opérations,7648696,15959415451,44.36188688535689
683,attitude,7645206,15967060657,44.38313802483806
684,étrangers,7632076,15974692733,44.4043526672698
685,with,7629188,15982321921,44.425559282018455
686,pratiques,7621394,15989943315,44.44674423202961
687,consommation,7601122,15997544437,44.46787283259779
688,rencontre,7585098,16005129535,44.488956891755436
689,vont,7581640,16012711175,44.51003133881888
690,dernières,7579756,16020290931,44.53110054898657
691,connu,7561160,16027852091,44.552118068435945
692,volume,7553204,16035405295,44.573113472841506
693,lettres,7544465,16042949760,44.594084585722676
694,définition,7523612,16050473372,44.614997734173386
695,avis,7518870,16057992242,44.63589770143533
696,supérieur,7500854,16065493096,44.65674759018678
697,défense,7492608,16072985704,44.677574557790514
698,mission,7475714,16080461418,44.69835456567197
699,essentiellement,7471316,16087932734,44.719122348570686
700,directeur,7463300,16095396034,44.73986784964546
701,faisait,7451872,16102847906,44.760581584666845
702,traité,7451638,16110299544,44.78129466924576
703,fonds,7450330,16117749874,44.802004118018075
704,religion,7430438,16125180312,44.8226582736215
705,désir,7428249,16132608561,44.843306344530234
706,interprétation,7405173,16140013734,44.86389027180508
707,méthodes,7387348,16147401082,44.88442465148616
708,tenu,7385742,16154786824,44.90495456701936
709,propriété,7384674,16162171498,44.92548151386645
710,objets,7378636,16169550134,44.94599167707419
711,morale,7376966,16176927100,44.96649719823528
712,guère,7371792,16184298892,44.986988337390756
713,résultat,7367680,16191666572,45.007468046548716
714,types,7364732,16199031304,45.02793956124347
715,juste,7362584,16206393888,45.048405105209966
716,représente,7359412,16213753300,45.06886183206748
717,devrait,7346542,16221099842,45.08928278458941
718,conduit,7341604,16228441446,45.10969001110751
719,extérieur,7325918,16235767364,45.13005363574309
720,cité,7325040,16243092404,45.150414819829585
721,tradition,7324384,16250416788,45.17077418045345
722,changement,7318980,16257735768,45.191118519747896
723,tendance,7316226,16265051994,45.211455203834866
724,derniers,7299236,16272351230,45.23174466135138
725,moitié,7288168,16279639398,45.252003353495226
726,référence,7276794,16286916192,45.27223042968778
727,source,7274908,16294191100,45.292452263425254
728,garde,7265608,16301456708,45.31264824624424
729,toutefois,7241860,16308698568,45.332778217491985
730,vivre,7221506,16315920074,45.35285161136393
731,telles,7213360,16323133434,45.372902362055015
732,courant,7212112,16330345546,45.39294964371961
733,sentiment,7190596,16337536142,45.41293711803342
734,événements,7189176,16344725318,45.43292064521774
735,juge,7181136,16351906454,45.45288182386607
736,facteurs,7180630,16359087084,45.47284159600207
737,lesquels,7178148,16366265232,45.49279446900045
738,maître,7160951,16373426183,45.512699540036984
739,s'était,7149879,16380576062,45.53257383458216
740,surface,7134702,16387710764,45.55240594209615
741,durant,7116576,16394827340,45.5721876653361
742,établissement,7112996,16401940336,45.59195943736226
743,physique,7108670,16409049006,45.61171918454182
744,dehors,7091901,16416140907,45.6314323194577
745,réel,7089338,16423230245,45.651138330082816
746,élément,7085018,16430315263,45.67083233253935
747,manque,7072542,16437387805,45.690491655849726
748,nécessaires,7069378,16444457183,45.710142184288486
749,fonctionnement,7068298,16451525481,45.7297897106851
750,terrain,7053568,16458579049,45.749396292562416
751,limites,7048362,16465627411,45.76898840348472
752,actes,7036591,16472664002,45.788547794927275
753,recours,7026928,16479690930,45.808080326431615
754,exercice,7023392,16486714322,45.82760302902759
755,mains,7013996,16493728318,45.847099613856884
756,anciens,7009870,16500738188,45.86658472977331
757,effort,7003382,16507741570,45.88605181119949
758,permettre,6996592,16514738162,45.90550001867551
759,humain,6985621,16521723783,45.92491773040671
760,pouvoirs,6982384,16528706167,45.944326444350466
761,éviter,6966898,16535673065,45.96369211234544
762,révolution,6958812,16542631877,45.983035303939666
763,systèmes,6948914,16549580791,46.00235098237353
764,pense,6947601,16556528392,46.02166301110246
765,augmentation,6935916,16563464308,46.04094255940315
766,rapidement,6934308,16570398616,46.060217637996644
767,classes,6910490,16577309106,46.079426510442104
768,contrat,6882564,16584191670,46.098557757860696
769,projets,6876692,16591068362,46.117672683064946
770,roman,6866634,16597934996,46.13675965036187
771,objectif,6863564,16604798560,46.15583808407601
772,participation,6860832,16611659392,46.174908923735394
773,conséquences,6854280,16618513672,46.19396155100574
774,précisément,6853250,16625366922,46.21301131521737
775,agricole,6849348,16632216270,46.23205023316192
776,mouvements,6847062,16639063332,46.25108279678392
777,élèves,6841722,16645905054,46.27010051697529
778,relative,6817580,16652722634,46.289051130405994
779,chemin,6815134,16659537768,46.30799494476716
780,autorités,6814082,16666351850,46.32693583491691
781,juridique,6813916,16673165766,46.345876263641664
782,pourra,6808680,16679974446,46.364802138021325
783,musique,6803972,16686778418,46.38371492572097
784,contenu,6794564,16693572982,46.4026015622979
785,identité,6791698,16700364680,46.42148023234447
786,conseil,6771664,16707136344,46.44030321450919
787,règle,6766738,16713903082,46.45911250402613
788,vraiment,6761256,16720664338,46.47790655539949
789,sujets,6757580,16727421918,46.496690388710874
790,aspects,6757330,16734179248,46.5154735271051
791,totale,6756414,16740935662,46.53425411932283
792,quant,6753730,16747689392,46.55302725090989
793,vite,6749198,16754438590,46.571787785038616
794,individus,6739588,16761178178,46.590521606551555
795,capacité,6727086,16767905264,46.60922067664697
796,village,6718599,16774623863,46.6278961556945
797,campagne,6718198,16781342061,46.64657052009491
798,demander,6711444,16788053505,46.66522611061322
799,naissance,6707294,16794760799,46.683870165506605
800,accès,6705884,16801466683,46.70251030106719
801,commission,6703522,16808170205,46.721143871050415
802,anglais,6689600,16814859805,46.739738742486615
803,route,6688100,16821547905,46.758329444419836
804,largement,6685778,16828233683,46.776913691962434
805,documents,6679360,16834913043,46.79548009959161
806,évidence,6679028,16841592071,46.81404558437078
807,profit,6676220,16848268291,46.83260326384038
808,voire,6667746,16854936037,46.85113738839779
809,nord,6656314,16861592351,46.86963973578314
810,disposition,6648026,16868240377,46.888119045274664
811,enquête,6629222,16874869599,46.9065460858768
812,dépenses,6627516,16881497115,46.924968384364206
813,cent,6618609,16888115724,46.943365924342906
814,impossible,6612706,16894728430,46.96174705593753
815,poids,6611802,16901340232,46.980125674711694
816,somme,6611586,16907951818,46.99850369307742
817,informations,6607642,16914559460,47.01687074842997
818,militaires,6601686,16921161146,47.03522124807602
819,individu,6593737,16927754883,47.05354965213592
820,actuellement,6593284,16934348167,47.07187679700592
821,lesquelles,6572110,16940920277,47.09014508517182
822,preuve,6558428,16947478705,47.10837534191118
823,indépendance,6555196,16954033901,47.12659661476144
824,masse,6541524,16960575425,47.14477988398185
825,populaire,6537708,16967113133,47.16295254598666
826,portant,6536602,16973649735,47.18112213367795
827,rend,6535392,16980185127,47.19928835797016
828,pose,6534602,16986719729,47.21745238632413
829,matériel,6532552,16993252281,47.23561071635737
830,conséquence,6530778,16999783059,47.2537641152584
831,mondiale,6519414,17006302473,47.27188592600484
832,offre,6488630,17012791103,47.2899221674314
833,équilibre,6487626,17019278729,47.30795561807062
834,permettent,6480300,17025759029,47.32596870485728
835,réflexion,6480178,17032239207,47.34398145252436
836,hypothèse,6475728,17038714935,47.361981830665925
837,réseau,6475660,17045190595,47.37998201979002
838,examen,6474534,17051665129,47.397979079007214
839,ministère,6472842,17058137971,47.41597143502504
840,laisse,6447030,17064585001,47.433892042235534
841,entendu,6439542,17071024543,47.451791835287146
842,tiers,6436334,17077460877,47.4696827111617
843,édition,6425508,17083886385,47.4875434943434
844,donnée,6419642,17090306027,47.50538797198877
845,coopération,6416582,17096722609,47.523223943848045
846,laisser,6414728,17103137337,47.54105476220165
847,jusqu'au,6408640,17109545977,47.558868657932464
848,constituent,6399968,17115945945,47.576658448376705
849,caractéristiques,6391498,17122337443,47.594424695027435
850,limite,6379876,17128717319,47.61215863636906
851,exécution,6377488,17135094807,47.629885939861936
852,familles,6360604,17141455411,47.64756631142924
853,objectifs,6350132,17147805543,47.665217574306375
854,catégories,6349510,17154155053,47.68286710822961
855,décret,6331022,17160486075,47.70046525163875
856,relativement,6319676,17166805751,47.718031856927325
857,centrale,6310142,17173115893,47.73557196085494
858,agriculture,6308622,17179424515,47.7531078396862
859,décisions,6305964,17185730479,47.770636330158176
860,petites,6302232,17192032711,47.788154446906724
861,zones,6293384,17198326095,47.80564796914702
862,mariage,6293376,17204619471,47.82314146914995
863,demeure,6280432,17210899903,47.84059898912182
864,créer,6274330,17217174233,47.858039547555556
865,sources,6253124,17223427357,47.87542116033579
866,pièces,6247130,17229674487,47.8927861117821
867,signe,6239356,17235913843,47.91012945408429
868,auquel,6236928,17242150771,47.927466047350975
869,environnement,6225384,17248376155,47.94477055212271
870,procédure,6218274,17254594429,47.962055293450305
871,lieux,6213770,17260808199,47.979327515150274
872,comportement,6213742,17267021941,47.99659965901952
873,atteint,6204096,17273226037,48.01384499020492
874,membre,6202854,17279428891,48.03108686904186
875,approche,6181868,17285610759,48.048270413752384
876,espèce,6164722,17291775481,48.06540629826416
877,plein,6124696,17297900177,48.08243092375833
878,seraient,6122744,17304022921,48.09945012333929
879,revenu,6106692,17310129613,48.11642470367899
880,lignes,6102720,17316232333,48.1333882431748
881,actuelle,6091270,17322323603,48.1503199554645
882,pied,6089862,17328413465,48.16724775398073
883,degré,6086204,17334499669,48.18416538446903
884,chefs,6082928,17340582597,48.20107390876281
885,convient,6081792,17346664389,48.217979275353
886,soir,6078646,17352743035,48.2348758971056
887,perspective,6066814,17358809849,48.251739629818665
888,terres,6066562,17364876411,48.26860266205524
889,qu'au,6062640,17370939051,48.285454792431345
890,religieux,6060183,17376999234,48.302300093161556
891,théâtre,6057333,17383056567,48.31913747183611
892,venir,6053258,17389109825,48.33596352336089
893,croire,6048910,17395158735,48.35277748888635
894,concept,6048906,17401207641,48.36959144329314
895,bout,6047326,17407254967,48.38640100582346
896,partis,6037172,17413292139,48.40318234359825
897,consiste,6032776,17419324915,48.41995146194964
898,comprend,6032486,17425357401,48.4367197741971
899,gros,6031742,17431389143,48.453486018371095
900,établir,6029508,17437418651,48.47024605276531
901,police,6027604,17443446255,48.48700079467041
902,réalisation,6020556,17449466811,48.50373594547083
903,huit,6006266,17455473077,48.52043137480616
904,évidemment,6006042,17461479119,48.53712618149571
905,opération,5982830,17467461949,48.55375646651643
906,récit,5959930,17473421879,48.570323097124955
907,jugement,5958832,17479380711,48.58688667565729
908,armes,5957062,17485337773,48.603445334176115
909,section,5951742,17491289515,48.61998920485768
910,principaux,5946100,17497235615,48.636517392648706
911,prises,5939328,17503174943,48.65302675652359
912,liste,5931666,17509106609,48.669514822577234
913,transport,5928446,17515035055,48.685993938097816
914,portée,5927178,17520962233,48.70246952899854
915,amis,5922354,17526884587,48.718931710777674
916,répondre,5918766,17532803353,48.735383919105665
917,communes,5916916,17538720269,48.75183098504666
918,vieux,5915436,17544635705,48.76827393707803
919,continue,5906856,17550542561,48.78469303955234
920,organisations,5897918,17556440479,48.80108729734821
921,revanche,5882799,17562323278,48.81743952933368
922,professeur,5866618,17568189896,48.83374678350065
923,rapide,5865962,17574055858,48.85005221420497
924,phase,5845720,17579901578,48.86630137885638
925,frais,5839976,17585741554,48.88253457709102
926,élevé,5838710,17591580264,48.89876425626515
927,étrangères,5835504,17597415768,48.91498502382158
928,conflit,5830072,17603245840,48.93119069221787
929,maladie,5824672,17609070512,48.94738135040341
930,mille,5823800,17614894312,48.963569584717895
931,voulu,5810160,17620704472,48.97971990435192
932,efforts,5795098,17626499570,48.995828356616656
933,page,5794702,17632294272,49.01193570813261
934,beau,5794076,17638088348,49.02804131957598
935,images,5787822,17643876170,49.04412954697158
936,vision,5787578,17649663748,49.060217096128035
937,pression,5783742,17655447490,49.07629398247552
938,publiques,5783198,17661230688,49.092369356683264
939,respect,5778130,17667008818,49.10843064353026
940,proche,5762772,17672771590,49.12444924022605
941,rendu,5756044,17678527634,49.14044913531113
942,haute,5750122,17684277756,49.15643256919842
943,fallait,5748296,17690026052,49.17241092741076
944,nation,5743698,17695769750,49.18837650470662
945,confiance,5736296,17701506046,49.204321506895084
946,importantes,5731588,17707237634,49.22025342240353
947,agricoles,5728098,17712965732,49.23617563686837
948,instant,5727548,17718693280,49.25209632251544
949,retrouve,5719808,17724413088,49.26799549352713
950,écriture,5713599,17730126687,49.28387740557613
951,contact,5709598,17735836285,49.299748196170846
952,réforme,5699220,17741535505,49.315590139364254
953,particulière,5692202,17747227707,49.331412574843036
954,peuples,5680590,17752908297,49.3472027328094
955,populations,5678582,17758586879,49.36298730920111
956,formule,5678118,17764264997,49.37877059582655
957,importants,5674746,17769939743,49.394544509409286
958,siècles,5671394,17775611137,49.4103091055427
959,suivante,5669200,17781280337,49.42606760308308
960,ouvrages,5663272,17786943609,49.44180962274767
961,montrer,5653440,17792597049,49.457524312710035
962,considérer,5647788,17798244837,49.47322329198517
963,précise,5642398,17803887235,49.48890728884625
964,pièce,5639168,17809526403,49.504582307377575
965,domaines,5635612,17815162015,49.520247441407165
966,voyage,5629902,17820791917,49.53589670352873
967,classique,5627736,17826419653,49.551539944887985
968,sang,5624447,17832044100,49.567174043917035
969,vente,5619034,17837663134,49.58279309659965
970,appelle,5619016,17843282150,49.598412099248236
971,exemples,5612190,17848894340,49.61401212787858
972,sept,5607182,17854501522,49.6295982359283
973,sauf,5605820,17860107342,49.645180558069306
974,ouverture,5602476,17865709818,49.66075358499833
975,démocratie,5600418,17871310236,49.676320891369265
976,privé,5594054,17876904290,49.691870507928876
977,thèse,5590263,17882494553,49.70740958676461
978,seuls,5586146,17888080699,49.7229372217045
979,suivre,5581886,17893662585,49.738453015255914
980,principal,5579610,17899242195,49.753962482281466
981,résistance,5575634,17904817829,49.769460897344445
982,interne,5555896,17910373725,49.78490444730751
983,agents,5549822,17915923547,49.80033111356316
984,milliards,5548860,17921472407,49.81575510577756
985,trouvent,5548046,17927020453,49.83117683534169
986,établissements,5540440,17932560893,49.846577422746016
987,devoir,5532728,17938093621,49.86195657334567
988,vertu,5521105,17943614726,49.87730341585655
989,échanges,5506394,17949121120,49.892609366661844
990,association,5504576,17954625696,49.90791026402952
991,écoles,5504042,17960129738,49.92320967705413
992,naturel,5498032,17965627770,49.93849238427013
993,from,5496304,17971124074,49.953770288218685
994,correspond,5491002,17976615076,49.96903345436404
995,étudiants,5490042,17982105118,49.98429395202748
996,connaît,5488472,17987593590,49.999550085611126
997,revenus,5485026,17993078616,50.014796640456595
998,catégorie,5479760,17998558376,50.03002855756692
999,reconnaître,5477882,18004036258,50.045255254459505
