,word,count,cumsum,cumsum_percent
0,della,459937944,459937944,1.9691767585877522
1,delle,191462302,651400246,2.7889028111182417
2,come,176157836,827558082,3.5431043746541975
3,alla,170107574,997665656,4.271402366916707
4,anche,124597710,1122263366,4.804854581299038
5,nella,122764076,1245027442,5.330456281272503
6,sono,121821450,1366848892,5.852022225476185
7,questo,83515766,1450364658,6.209586343697431
8,degli,81043242,1531407900,6.556564606023627
9,essere,77902206,1609310106,6.890094847437924
10,dalla,74622002,1683932108,7.209581234535589
11,loro,67947162,1751879270,7.500489984222041
12,parte,64656126,1816535396,7.77730850350368
13,alle,58515226,1875050622,8.027835394285079
14,questa,55151610,1930202232,8.263961310895029
15,quale,52996648,1983198880,8.490860980483186
16,solo,52780722,2035979602,8.716836185224896
17,quella,52060460,2088040062,8.939727662674706
18,quanto,47668428,2135708490,9.1438151091673
19,sulla,46679346,2182387836,9.343667903328756
20,prima,46127692,2228515528,9.541158847919522
21,stato,45882920,2274398448,9.737601826496956
22,nelle,44800728,2319199176,9.92941151190402
23,quello,43714234,2362913410,10.116569485572455
24,ogni,41594208,2404507618,10.294650787091394
25,sempre,41438408,2445946026,10.472065047017026
26,anni,41345162,2487291188,10.649080083833482
27,perché,39642410,2526933598,10.818804963993417
28,tutti,39506532,2566440130,10.987948096543496
29,stesso,39328662,2605768792,11.156329697076881
30,senza,39205696,2644974488,11.324184831393557
31,altri,38871952,2683846440,11.490611075276883
32,fatto,38762918,2722609358,11.656570501361204
33,tutto,38011456,2760620814,11.819312620579097
34,tempo,37664904,2798285718,11.980571013235735
35,aveva,37272984,2835558702,12.140151440929287
36,così,37179458,2872738160,12.299331446722613
37,hanno,36887928,2909626088,12.457263296959473
38,modo,36612724,2946238812,12.614016889721084
39,ancora,36529968,2982768780,12.770416171224056
40,vita,36421116,3019189896,12.92634941414221
41,quando,35624040,3054813936,13.07887005856854
42,dello,35138124,3089952060,13.229310303875142
43,secondo,34876604,3124828664,13.378630878337832
44,dopo,33945462,3158774126,13.523964864589516
45,quali,33611152,3192385278,13.66786753713736
46,caso,31660718,3224045996,13.803419628151186
47,lavoro,31076848,3255122844,13.936471940120832
48,proprio,29531590,3284654434,14.06290838971313
49,altro,29450448,3314104882,14.188997438220937
50,tale,29237282,3343342164,14.31417383853697
51,primo,28355992,3371698156,14.435577086826266
52,molto,27719168,3399417324,14.554253838994791
53,suoi,27714128,3427131452,14.672909012924354
54,questi,27633598,3454765050,14.791219405984158
55,legge,27151146,3481916196,14.907464230682121
56,politica,27000064,3508916260,15.023062213416031
57,dalle,26722178,3535638438,15.137470455968954
58,quindi,24974008,3560612446,15.244394089393696
59,erano,24764462,3585376908,15.35042057328242
60,quel,24643488,3610020396,15.455929119496508
61,senso,24499736,3634520132,15.56082220638376
62,storia,24416624,3658936756,15.665359457835176
63,mondo,24355332,3683292088,15.769634293924994
64,verso,24135870,3707427958,15.872969526149921
65,meno,23821992,3731249950,15.974960922166737
66,punto,23759912,3755009862,16.076686529081417
67,dove,23733376,3778743238,16.178298524855403
68,agli,23606220,3802349458,16.27936611536085
69,volta,23378806,3825728264,16.37946005633549
70,invece,23277612,3849005876,16.47912074566062
71,deve,23182140,3872188016,16.5783726814877
72,grande,23072466,3895260482,16.677155059421942
73,mentre,22847200,3918107682,16.77497298426531
74,quelle,22711038,3940818720,16.872207945582186
75,diritto,22681916,3963500636,16.96931822406671
76,contro,22525108,3986025744,17.065757145310137
77,viene,22418646,4008444390,17.161740260506665
78,stessa,22409748,4030854138,17.257685279836075
79,cioè,22241782,4053095920,17.352911170100903
80,altre,21927080,4075023000,17.446789696286807
81,tutte,21587246,4096610246,17.539213258333945
82,particolare,21405543,4118015789,17.630858877771143
83,fine,21227738,4139243527,17.72174324348242
84,generale,21018132,4160261659,17.811730202773887
85,qualche,20945368,4181207027,17.901405630521737
86,stata,20905892,4202112919,17.990912045856643
87,società,20675376,4222788295,18.07943153076842
88,tanto,20559838,4243348133,18.16745635167759
89,però,20140220,4263488353,18.253684621500103
90,queste,20128668,4283617021,18.339863432628867
91,quasi,20089032,4303706053,18.425872546321227
92,città,20048174,4323754227,18.511706730710507
93,infatti,19895868,4343650095,18.59688883270627
94,sotto,19763554,4363413649,18.681504445989734
95,cosa,19746280,4383159929,18.76604610242799
96,fare,19725104,4402885033,18.85049709601143
97,forma,19316026,4422201059,18.933196664428596
98,sistema,19174880,4441375939,19.01529193083851
99,fino,19030461,4460406400,19.096768882230045
100,sociale,18955620,4479362020,19.177925409617185
101,possono,18867110,4498229130,19.25870299058954
102,momento,18811444,4517040574,19.33924224333768
103,egli,18751654,4535792228,19.419525511381945
104,base,18712058,4554504286,19.49963925324566
105,nuovo,18692914,4573197200,19.579671032052502
106,esempio,18614114,4591811314,19.659365436805725
107,quelli,18575092,4610386406,19.73889277290007
108,alcuni,18426266,4628812672,19.81778292586113
109,dire,18400592,4647213264,19.896563158245385
110,essa,18010428,4665223692,19.973672943799016
111,rapporto,17865284,4683088976,20.050161310321716
112,soprattutto,17643824,4700732800,20.12570151874908
113,realtà,17636478,4718369278,20.20121027603688
114,attività,17589642,4735958920,20.276518509832606
115,sarebbe,17494794,4753453714,20.351420661721775
116,rispetto,17442791,4770896505,20.426100168142543
117,sulle,17346694,4788243199,20.500368245192377
118,attraverso,17201794,4805444993,20.574015947872056
119,possibile,16989702,4822434695,20.646755600579926
120,oltre,16959286,4839393981,20.71936503032822
121,negli,16923850,4856317831,20.791822744505907
122,soltanto,16853118,4873170949,20.86397762693791
123,problema,16746606,4889917555,20.935676489253183
124,natura,16605372,4906522927,21.006770672798307
125,secolo,15915078,4922438005,21.074909433945425
126,guerra,15906600,4938344605,21.143011897412002
127,nuova,15787496,4954132101,21.210604429415614
128,fosse,15731626,4969863727,21.2779577597901
129,nostro,15708352,4985572079,21.34521144493967
130,poco,15635474,5001207553,21.41215311046641
131,oggi,15408468,5016616021,21.478122873272156
132,forse,15317626,5031933647,21.5437037054462
133,certo,15143512,5047077159,21.60853908652925
134,opera,15099250,5062176409,21.673184964435134
135,tipo,15064576,5077240985,21.73768238919463
136,cose,15052500,5092293485,21.802128111808557
137,cura,14973788,5107267273,21.86623683713177
138,luogo,14941078,5122208351,21.93020551797156
139,tutta,14912780,5137121131,21.99405304384982
140,sviluppo,14902796,5152023927,22.05785782426423
141,periodo,14846608,5166870535,22.121422041565385
142,valore,14780502,5181651037,22.184703232861615
143,allo,14728788,5196379825,22.24776301601307
144,uomo,14722254,5211102079,22.310794824519018
145,bene,14713613,5225815692,22.373789637476772
146,allora,14627214,5240442906,22.436414542048006
147,detto,14612274,5255055180,22.498975482553746
148,propria,14475690,5269530870,22.56095165278362
149,stati,14396326,5283927196,22.622588034252182
150,dunque,14346792,5298273988,22.684012341020605
151,presente,14199356,5312473344,22.744805415797043
152,piano,14160632,5326633976,22.80543269777079
153,numero,13999886,5340633862,22.865371762363555
154,sembra,13744746,5354378608,22.924218471422833
155,italiana,13663884,5368042492,22.982718978188675
156,esso,13618633,5381661125,23.04102574747609
157,dato,13571992,5395233117,23.09913282814378
158,giorno,13566078,5408799195,23.15721458863186
159,ricerca,13561164,5422360359,23.215275310336956
160,processo,13518635,5435878994,23.27315394852522
161,vero,13456512,5449335506,23.330766613511297
162,uomini,13442850,5462778356,23.38832078605676
163,avrebbe,13362202,5476140558,23.44552967252766
164,nostra,13353590,5489494148,23.502701687610873
165,potere,13308354,5502802502,23.55968002943661
166,situazione,13286032,5516088534,23.616562801927007
167,essi,13231518,5529320052,23.673212178362093
168,insieme,13211334,5542531386,23.72977513908781
169,spesso,13188026,5555719412,23.786238309021126
170,circa,13172762,5568892174,23.84263612771644
171,anno,13112456,5582004630,23.898775752507223
172,casa,12934530,5594939160,23.9541536055231
173,seconda,12931164,5607870324,24.009517047357953
174,pure,12844006,5620714330,24.064507331226253
175,avere,12824648,5633538978,24.119414735818793
176,carattere,12601462,5646140440,24.173366592625428
177,cultura,12538358,5658678798,24.227048276179794
178,sarà,12526952,5671205750,24.280681126124318
179,casi,12465886,5683671636,24.334052528302877
180,nome,12454640,5696126276,24.387375781895056
181,possibilità,12346942,5708473218,24.440237937634116
182,produzione,12344232,5720817450,24.493088490788338
183,aver,12192428,5733009878,24.545289110810142
184,governo,12124358,5745134236,24.597198296164063
185,condizioni,12121998,5757256234,24.649097377421963
186,vista,11993406,5769249640,24.700445905325775
187,molti,11982356,5781231996,24.751747123796946
188,testo,11967946,5793199942,24.80298664734283
189,altra,11930018,5805129960,24.85406378607773
190,presenza,11898421,5817028381,24.90500564552365
191,grandi,11895672,5828924053,24.95593573541026
192,dagli,11888072,5840812125,25.006833286682568
193,tuttavia,11880176,5852692301,25.05769703204716
194,comune,11862840,5864555141,25.108486555119963
195,politico,11847992,5876403133,25.15921250801576
196,abbiamo,11817550,5888220683,25.209808126635668
197,alcune,11780012,5900000695,25.26024303018928
198,problemi,11773666,5911774361,25.310650763999938
199,fronte,11769968,5923544329,25.3610426652059
200,pubblico,11769458,5935313787,25.411432382899584
201,corso,11712927,5947026714,25.46158006896098
202,relazione,11705834,5958732548,25.511697387076154
203,data,11688606,5970421154,25.561740945290367
204,elementi,11672406,5982093560,25.611715144879344
205,siano,11654794,5993748354,25.661613940511064
206,morte,11653490,6005401844,25.711507153201584
207,rapporti,11637644,6017039488,25.76133252288128
208,opere,11611505,6028650993,25.81104598113474
209,pensiero,11559696,6040210689,25.860537624510744
210,forme,11522188,6051732877,25.909868681262342
211,diversi,11499032,6063231909,25.959100597993825
212,tali,11497341,6074729250,26.00832527488362
213,lungo,11491768,6086221018,26.05752609155006
214,funzione,11451837,6097672855,26.10655594776809
215,giorni,11441234,6109114089,26.155540408337757
216,questione,11425358,6120539447,26.204456897454705
217,studio,11401968,6131941415,26.253273244704715
218,volte,11397686,6143339101,26.302071259014404
219,principio,11359839,6154698940,26.35070723530624
220,conto,11308054,6166006994,26.39912149947413
221,ordine,11273684,6177280678,26.447388612040225
222,almeno,11272450,6188553128,26.495650441362876
223,tratta,11240950,6199794078,26.543777406692026
224,maggiore,11237118,6211031196,26.591887965709326
225,nazionale,11225924,6222257120,26.63995059877287
226,grado,11173772,6233430892,26.687789948439917
227,presso,11161022,6244591914,26.735574710300064
228,italiano,11153684,6255745598,26.78332805527182
229,gruppo,11113828,6266859426,26.83091076089991
230,parole,11039186,6277898612,26.878173894521538
231,sopra,11037810,6288936422,26.925431136941413
232,libertà,11037145,6299973567,26.97268553223254
233,livello,11029737,6311003304,27.019908210937505
234,seguito,10987606,6321990910,27.0669505101215
235,mezzo,10940608,6332931518,27.113791592227177
236,avevano,10937292,6343868810,27.16061847722166
237,termine,10887201,6354756011,27.207230902778086
238,campo,10883012,6365639023,27.253825393564064
239,diverse,10881158,6376520181,27.30041194664071
240,nota,10878192,6387398373,27.34698580109499
241,causa,10873915,6398272288,27.393541344015926
242,forza,10873400,6409145688,27.4400946820176
243,nello,10760916,6419906604,27.486166431401937
244,dati,10705687,6430612291,27.532001723532378
245,posto,10439010,6441051301,27.576695265656543
246,interesse,10358753,6451410054,27.621045195732226
247,termini,10267627,6461677681,27.66500497925956
248,durante,10239350,6471917031,27.708843697734686
249,maggio,10208890,6482125921,27.752552004868786
250,furono,10194854,6492320775,27.79620021831994
251,serie,10108922,6502429697,27.83948052279679
252,comunque,10100448,6512530145,27.882724546718684
253,riferimento,10093284,6522623429,27.925937898715205
254,specie,10062002,6532685431,27.969017320062665
255,giugno,10059322,6542744753,28.012085267267196
256,fuori,10058800,6552803553,28.055150979582688
257,libro,10055066,6562858619,28.0982007051632
258,dicembre,10034481,6572893100,28.141162298194306
259,ragione,10007484,6582900584,28.184008306360873
260,marzo,9994836,6592895420,28.226800163423
261,potrebbe,9992378,6602887798,28.269581496812236
262,luce,9991722,6612879520,28.312360021605286
263,posizione,9982724,6622862244,28.35510002239156
264,primi,9955928,6632818172,28.397725298874015
265,famiglia,9939812,6642757984,28.440281576368555
266,azione,9918993,6652676977,28.482748719466873
267,genere,9913590,6662590567,28.52519273017926
268,atto,9908714,6672499281,28.567615864801727
269,materia,9889472,6682388753,28.609956616790445
270,meglio,9876120,6692264873,28.6522402035715
271,parti,9854276,6702119149,28.694430267524794
272,persone,9852100,6711971249,28.736611015159053
273,luglio,9821270,6721792519,28.77865976733553
274,possa,9809860,6731602379,28.82065966877658
275,terra,9784718,6741387097,28.862551927343826
276,comma,9753496,6751140593,28.90431051214582
277,abbia,9727018,6760867611,28.945955734128127
278,troppo,9711766,6770579377,28.987535656249193
279,fondo,9691152,6780270529,29.029027321660344
280,ormai,9683064,6789953593,29.070484359135634
281,mano,9645800,6799599393,29.111781854647305
282,necessità,9614983,6809214376,29.152947410359353
283,paese,9529002,6818743378,29.19374484730866
284,vengono,9445920,6828189298,29.234186577264044
285,effetti,9390020,6837579318,29.27438897714839
286,assai,9359950,6846939268,29.314462635436396
287,struttura,9333532,6856272800,29.35442318778851
288,storico,9327332,6865600132,29.39435719548158
289,sociali,9299882,6874900014,29.43417367883745
290,corpo,9289256,6884189270,29.473944668072843
291,lettera,9285880,6893475150,29.513701203313243
292,movimento,9156052,6902631202,29.55290189339334
293,dice,9136904,6911768106,29.59202060329097
294,gennaio,9129689,6920897795,29.63110842291199
295,nuove,9090080,6929987875,29.670026660694308
296,giudizio,9064700,6939052575,29.708836236630425
297,dare,9037940,6948090515,29.74753124239301
298,piuttosto,9023040,6957113555,29.786162455345966
299,pubblica,9020157,6966133712,29.82478132503246
300,proposito,8970418,6975104130,29.86318724233251
301,oggetto,8941689,6984045819,29.901470159389078
302,ruolo,8903674,6992949493,29.939590319153154
303,subito,8886446,7001835939,29.977636719016274
304,titolo,8865256,7010701195,30.01559239608503
305,studi,8854140,7019555335,30.05350048114896
306,aprile,8816731,7028372066,30.09124840344676
307,misura,8803052,7037175118,30.1289377605202
308,nulla,8801894,7045977012,30.16662215973635
309,centro,8736850,7054713862,30.20402807979079
310,avuto,8696922,7063410784,30.241263052241006
311,poteva,8685861,7072096645,30.27845066816322
312,stessi,8658482,7080755127,30.31552106372739
313,personale,8624888,7089380015,30.352447630053526
314,ottobre,8617732,7097997747,30.389343558705452
315,persona,8610700,7106608447,30.426209380576353
316,state,8595440,7115203887,30.46300986833484
317,nuovi,8591083,7123794970,30.499791702048253
318,esse,8584603,7132379573,30.536545792311575
319,fatti,8557918,7140937491,30.573185633506107
320,partito,8543766,7149481257,30.609764884375686
321,quattro,8491858,7157973115,30.646121896509538
322,necessario,8486570,7166459685,30.682456268618065
323,fase,8471112,7174930797,30.71872445889765
324,verità,8461202,7183391999,30.75495022053674
325,settembre,8417710,7191809709,30.790989775674056
326,quei,8398500,7200208209,30.82694708518231
327,valori,8393874,7208602083,30.862884588949807
328,formazione,8379094,7216981177,30.898758813675265
329,controllo,8363860,7225345037,30.934567815604623
330,novembre,8362349,7233707386,30.970370348343696
331,confronti,8362026,7242069412,31.006171498191655
332,mercato,8332794,7250402206,31.041847494253634
333,tema,8328370,7258730576,31.07750454941697
334,parola,8325168,7267055744,31.11314789554833
335,vari,8313436,7275369180,31.14874101233455
336,civile,8306970,7283676150,31.184306445610233
337,gran,8284226,7291960376,31.2197745028012
338,importante,8271064,7300231440,31.255186208249867
339,economica,8218650,7308450090,31.29037350857612
340,inoltre,8196766,7316646856,31.32546711481875
341,critica,8096093,7324742949,31.360129700019517
342,febbraio,8090686,7332833635,31.39476913570876
343,paesi,8075406,7340909041,31.429343151657662
344,spazio,8036218,7348945259,31.46374938823584
345,appunto,8024981,7356970240,31.498107514760203
346,trova,7974502,7364944742,31.532249520664617
347,servizio,7961042,7372905784,31.566333898970534
348,significato,7914258,7380820042,31.600217976417007
349,sede,7901748,7388721790,31.63404849359177
350,capacità,7892178,7396613968,31.667838037800884
351,norme,7876271,7404490239,31.701559477833975
352,tempi,7872634,7412362873,31.73526534642756
353,visto,7871926,7420234799,31.76896818379234
354,scuola,7858822,7428093621,31.802614917735816
355,risultati,7856620,7435950241,31.83625222404394
356,volume,7843070,7443793311,31.869831517427865
357,progetto,7840350,7451633661,31.90339916541299
358,maggior,7795893,7459429554,31.936776475348605
359,dell'art,7774565,7467204119,31.97006247165712
360,resto,7774186,7474978305,32.00334684531631
361,economico,7774163,7482752468,32.03663112050339
362,donne,7771264,7490523732,32.06990298392166
363,crisi,7754108,7498277840,32.10310139569953
364,appare,7750819,7506028659,32.13628572596392
365,conoscenza,7691303,7513719962,32.16921524462711
366,qualità,7688673,7521408635,32.20213350321719
367,passato,7688310,7529096945,32.235050207660294
368,concetto,7687775,7536784720,32.2679646215562
369,analisi,7651237,7544435957,32.30072260178245
370,poiché,7640712,7552076669,32.33343552030926
371,arte,7637998,7559714667,32.36613681912564
372,spirito,7622352,7567337019,32.39877113121053
373,donna,7607424,7574944443,32.43134153060667
374,riguarda,7605631,7582550074,32.46390425345868
375,interessi,7600069,7590150143,32.49644316318269
376,varie,7554529,7597704672,32.52878709810466
377,popolo,7554102,7605258774,32.56112920487026
378,metà,7548424,7612807198,32.59344700186586
379,linea,7536098,7620343296,32.625712026366735
380,ipotesi,7526046,7627869342,32.65793401426878
381,filosofia,7524402,7635393744,32.69014896355479
382,tradizione,7499416,7642893160,32.72225693786487
383,precedente,7470169,7650363329,32.754239694168014
384,discorso,7467643,7657830972,32.78621163566331
385,italiani,7453016,7665283988,32.81812095317024
386,volontà,7447400,7672731388,32.850006226353756
387,territorio,7440963,7680172351,32.88186394018724
388,dell,7437098,7687609449,32.91370510642279
389,modello,7416485,7695025934,32.945458020229815
390,superiore,7373168,7702399102,32.97702547677948
391,vedere,7372324,7709771426,33.0085893198304
392,porta,7355452,7717126878,33.040080927157554
393,atti,7344460,7724471338,33.07152547337308
394,soggetto,7333462,7731804800,33.10292293278857
395,culturale,7331198,7739135998,33.13431069912212
396,scelta,7325506,7746461504,33.16567409574611
397,beni,7320060,7753781564,33.19701417588411
398,padre,7302736,7761084300,33.22828008510707
399,quadro,7296914,7768381214,33.25952106803893
400,ultimi,7291544,7775672758,33.29073905987093
401,forte,7278604,7782951362,33.321901650430675
402,classe,7276993,7790228355,33.35305734366047
403,infine,7253774,7797482129,33.384113627142156
404,voce,7251800,7804733929,33.415161459146915
405,aspetti,7241010,7811974939,33.44616309488215
406,lavori,7232845,7819207784,33.47712977301399
407,poesia,7226429,7826434213,33.50806898170512
408,unità,7226367,7833660580,33.53900792494966
409,morale,7222434,7840883014,33.56993002946129
410,francese,7208212,7848091226,33.6007912439502
411,importanza,7193857,7855285083,33.631590998990646
412,nostri,7179132,7862464215,33.66232771046586
413,anzi,7172460,7869636675,33.69303585646284
414,lingua,7162939,7876799614,33.7237032392826
415,diritti,7158244,7883957858,33.75435052094523
416,forze,7146326,7891104184,33.78494677692295
417,autore,7145354,7898249538,33.81553887138316
418,figura,7141912,7905391450,33.846116229276205
419,all'interno,7138790,7912530240,33.876680220649
420,risulta,7138493,7919668733,33.907242940447006
421,domanda,7115640,7926784373,33.93770781748807
422,coscienza,7114601,7933898974,33.96816824615804
423,semplice,7016702,7940915676,33.998209530380365
424,politiche,7016201,7947931877,34.02824866962298
425,proprietà,7015718,7954947595,34.058285740951035
426,condizione,7013844,7961961439,34.08831478894182
427,intorno,7010466,7968971905,34.11832937437483
428,capo,6984592,7975956497,34.14823318295171
429,unico,6979080,7982935577,34.178113392470415
430,mesi,6969158,7989904735,34.20795112197187
431,scopo,6921744,7996826479,34.23758585333401
432,difficoltà,6906404,8003732883,34.267154908072
433,settore,6896539,8010629422,34.29668172683235
434,norma,6885078,8017514500,34.32615947650604
435,strada,6883716,8024398216,34.35563139491754
436,perciò,6861865,8031260081,34.385009760531496
437,chiesa,6853600,8038113681,34.4143527404024
438,lato,6849482,8044963163,34.44367808948203
439,teoria,6834222,8051797385,34.47293810444924
440,letteratura,6820939,8058618324,34.502141249625154
441,esperienza,6805552,8065423876,34.53127851695129
442,occhi,6785668,8072209544,34.56033065298704
443,amore,6759460,8078969004,34.58927058218019
444,leggi,6742210,8085711214,34.61813665728166
445,agosto,6705804,8092417018,34.6468468638578
446,internazionale,6701822,8099118840,34.675540021912596
447,giudice,6695183,8105814023,34.70420475577525
448,scienza,6668382,8112482405,34.73275474392709
449,naturale,6665938,8119148343,34.7612942683456
450,limiti,6653639,8125801982,34.78978113586709
451,servizi,6630172,8132432154,34.81816753185411
452,qualsiasi,6628524,8139060678,34.8465468720995
453,centrale,6604816,8145665494,34.874824708993835
454,venne,6587174,8152252668,34.90302701348901
455,bisogno,6584990,8158837658,34.931219967413966
456,complesso,6584257,8165421915,34.95940978307521
457,sinistra,6575110,8171997025,34.987560436801566
458,gruppi,6575053,8178572078,35.01571084648832
459,prodotti,6570414,8185142492,35.04384139477615
460,doveva,6566648,8191709140,35.07195581932432
461,mediante,6564200,8198273340,35.10005976301356
462,costruzione,6554147,8204827487,35.12812066582259
463,effetto,6549124,8211376611,35.1561600631764
464,sola,6537730,8217914341,35.18415067829712
465,aspetto,6533368,8224447709,35.2121226179658
466,responsabilità,6528508,8230976217,35.240073750046896
467,origine,6520204,8237496421,35.26798932941047
468,contenuto,6471305,8243967726,35.295695552760755
469,breve,6436664,8250404390,35.32325346425074
470,fede,6412598,8256816988,35.350708339649685
471,soluzione,6411654,8263228642,35.37815917341022
472,contratto,6399332,8269627974,35.4055572518016
473,essendo,6397145,8276025119,35.43294596677859
474,qualcosa,6390698,8282415817,35.460307079591566
475,reale,6386303,8288802120,35.4876493756664
476,entro,6379672,8295181792,35.514963281800256
477,materiale,6376098,8301557890,35.54226188622259
478,soggetti,6360363,8307918253,35.56949312286912
479,cosi,6351372,8314269625,35.59668586547864
480,intervento,6349200,8320618825,35.623869308894704
481,idea,6334710,8326953535,35.65099071487376
482,potuto,6329144,8333282679,35.67808829059923
483,molte,6325658,8339608337,35.705170941376075
484,pratica,6324585,8345932922,35.73224899821435
485,prova,6324292,8352257214,35.75932580060342
486,scritto,6318280,8358575494,35.786376863236015
487,lotta,6310151,8364885645,35.81339312239549
488,pochi,6286172,8371171817,35.84030671794542
489,difficile,6281224,8377453041,35.867199129144886
490,appena,6276604,8383729645,35.894071760291965
491,presenta,6252226,8389981871,35.92084001955226
492,terzo,6252032,8396233903,35.94760744822161
493,totale,6251845,8402485748,35.97437407626979
494,fanno,6238510,8408724258,36.001083611894046
495,siamo,6234220,8414958478,36.02777478032681
496,esame,6231881,8421190359,36.054455934572886
497,imprese,6220717,8427411076,36.081089291307094
498,vera,6210824,8433621900,36.107680292184554
499,buona,6185780,8439807680,36.13416406976507
500,linguaggio,6166734,8445974414,36.16056630386557
501,attenzione,6156084,8452130498,36.18692294109208
502,ragioni,6146760,8458277258,36.213239658576505
503,locali,6146494,8464423752,36.23955523720944
504,dovuto,6134470,8470558222,36.265819336329415
505,capitale,6080364,8476638586,36.2918517862039
506,alto,6070476,8482709062,36.31784190162861
507,giovani,6045518,8488754580,36.34372516195649
508,danno,6044774,8494799354,36.369605236925295
509,umana,6034887,8500834241,36.395442981725715
510,devono,6003670,8506837911,36.42114707416787
511,favore,5979337,8512817248,36.446746987386085
512,comunità,5965058,8518782306,36.47228576654197
513,ebbe,5946334,8524728640,36.49774438082755
514,parlare,5939076,8530667716,36.52317192073647
515,dallo,5934162,8536601878,36.5485784218624
516,caratteristiche,5925993,8542527871,36.573949948259354
517,occasione,5922348,8548450219,36.59930586896562
518,zona,5903066,8554353285,36.62457923578227
519,vuole,5902802,8560256087,36.649851472310225
520,conseguenza,5900028,8566156115,36.67511183224394
521,decreto,5886585,8572042700,36.700314637362915
522,prodotto,5856296,8577898996,36.725387763259675
523,direzione,5840573,8583739569,36.750393572757396
524,metodo,5831362,8589570931,36.77535994631085
525,fatta,5824612,8595395543,36.800297420437126
526,direttamente,5822039,8601217582,36.8252238785299
527,evidente,5811054,8607028636,36.8501033054808
528,particolari,5808076,8612836712,36.874969982432575
529,mezzi,5799241,8618635953,36.89979883324522
530,espressione,5790551,8624426504,36.924590478721235
531,pertanto,5788677,8630215181,36.94937410085999
532,diverso,5762088,8635977269,36.97404388494403
533,fini,5760458,8641737727,36.99870669035158
534,differenza,5760428,8647498155,37.02336936731723
535,risposta,5757356,8653255511,37.04801889183247
536,propri,5752811,8659008322,37.07264895740007
537,elemento,5747147,8664755469,37.09725477313722
538,disciplina,5744032,8670499501,37.121847252323896
539,that,5740314,8676239815,37.14642381327795
540,particolarmente,5740054,8681979869,37.17099926106888
541,media,5718345,8687698214,37.19548176402059
542,dans,5707297,8693405511,37.21991696610246
543,storica,5704304,8699109815,37.24433935396424
544,partire,5702326,8704812141,37.26875327322351
545,pensare,5694478,8710506619,37.293133592082114
546,fenomeno,5687605,8716194224,37.31748448490175
547,punti,5675289,8721869513,37.34178264804061
548,tecnica,5671488,8727541001,37.36606453759094
549,idee,5670192,8733211193,37.39034087845124
550,popolazione,5663868,8738875061,37.41459014375932
551,diversa,5657598,8744532659,37.438812564710595
552,esistenza,5653730,8750186389,37.463018425219744
553,riguardo,5653064,8755839453,37.487221434318755
554,poter,5631160,8761470613,37.511330663706204
555,presenti,5630653,8767101266,37.53543772242557
556,motivi,5630122,8772731388,37.55954250772333
557,ultimo,5624994,8778356382,37.583625338019225
558,dell'uomo,5618955,8783975337,37.60768231296094
559,madre,5609388,8789584725,37.631698327781194
560,tesi,5594853,8795179578,37.655652112501585
561,principi,5583993,8800763571,37.679559401254686
562,regime,5582657,8806346228,37.70346097006191
563,acqua,5581194,8811927422,37.727356275185876
564,figlio,5551042,8817478464,37.75112248763897
565,maniera,5540676,8823019140,37.77484431913471
566,oppure,5528546,8828547686,37.79851421728945
567,lavoratori,5525164,8834072850,37.82216963576083
568,difesa,5523936,8839596786,37.84581979667717
569,relazioni,5516352,8845113138,37.869437487481534
570,politici,5507467,8850620605,37.89301713807694
571,disposizione,5506357,8856126962,37.91659203632209
572,accordo,5504958,8861631920,37.94016094489338
573,pari,5503503,8867135423,37.96372362403259
574,funzioni,5496589,8872632012,37.98725670159557
575,pace,5491124,8878123136,38.01076638132602
576,autorità,5483688,8883606824,38.03424422459121
577,proprie,5477228,8889084052,38.057694410034244
578,cuore,5468000,8894552052,38.08110508674927
579,perchè,5466088,8900018140,38.104507577433964
580,dovrebbe,5432130,8905450270,38.127764680452245
581,stesse,5425506,8910875776,38.15099342349933
582,certa,5410502,8916286278,38.17415792847153
583,proposta,5409292,8921695570,38.19731725295382
584,programma,5407680,8927103250,38.220469675824766
585,lire,5393800,8932497050,38.24356267291063
586,lettere,5382034,8937879084,38.26660529508387
587,motivo,5372570,8943251654,38.28960739811951
588,dottrina,5356718,8948608372,38.312541632455925
589,giovane,5342380,8953950752,38.335414480127625
590,fondamentale,5330974,8959281726,38.35823849418947
591,fece,5304390,8964586116,38.38094869160359
592,mente,5298146,8969884262,38.40363215597723
593,male,5294776,8975179038,38.42630119204425
594,prime,5289032,8980468070,38.448945635769086
595,poeta,5283261,8985751331,38.47156537155404
596,risultato,5283240,8991034571,38.49418501742966
597,with,5282937,8996317508,38.516803366042105
598,sentenza,5274468,9001591976,38.53938545550658
599,costituisce,5266247,9006858223,38.56193234760944
600,organizzazione,5254969,9012113192,38.58443095412124
601,trovare,5240338,9017353530,38.60686691951909
602,documenti,5226172,9022579702,38.62924223465244
603,milioni,5224786,9027804488,38.651611615770065
604,stampa,5209012,9033013500,38.67391346213742
605,coloro,5189982,9038203482,38.69613383352711
606,noto,5187192,9043390674,38.718342259820226
607,comuni,5180056,9048570730,38.74052013406707
608,un'altra,5156458,9053727188,38.76259697591649
609,considerazione,5154789,9058881977,38.784666672114945
610,libri,5152440,9064034417,38.806726311312744
611,precedenti,5146728,9069181145,38.828761495173055
612,locale,5144972,9074326117,38.8507891609009
613,diretta,5140168,9079466285,38.87279625879938
614,mostra,5129866,9084596151,38.894759249749896
615,cinque,5127756,9089723907,38.916713206953546
616,contrario,5125912,9094849819,38.93865926926182
617,pare,5118212,9099968031,38.96057236481613
618,disse,5106053,9105074084,38.98243340286895
619,terreno,5098657,9110172741,39.00426277571237
620,strutture,5091782,9115264523,39.026062713954026
621,passo,5086062,9120350585,39.04783816260702
622,pagine,5078232,9125428817,39.069580087924486
623,applicazione,5075568,9130504385,39.09131060760136
624,rilievo,5059444,9135563829,39.11297209403914
625,militare,5057108,9140620937,39.13462357913441
626,fossero,5048398,9145669335,39.15623777326513
627,dubbio,5047176,9150716511,39.17784673552919
628,gestione,5038130,9155754641,39.19941696827942
629,memoria,5027222,9160781863,39.220940499555326
630,nessuno,5014324,9165796187,39.242408809377636
631,costituzionale,4996994,9170793181,39.26380292259653
632,principali,4995446,9175788627,39.28519040821347
633,lettura,4985584,9180774211,39.30653567069694
634,certamente,4981946,9185756157,39.3278653574595
635,musica,4965710,9190721867,39.349125531466555
636,azioni,4959613,9195681480,39.37035960179842
637,contesto,4954256,9200635736,39.3915707366886
638,merito,4950222,9205585958,39.41276460042481
639,testa,4946990,9210532948,39.43394462668715
640,sapere,4941289,9215474237,39.45510024470736
641,pubblici,4939730,9220413967,39.476249188030245
642,importanti,4928711,9225342678,39.49735095464377
643,figli,4928168,9230270846,39.518450396458945
644,esigenze,4926335,9235197181,39.539541990474106
645,strumenti,4923649,9240120830,39.56062208465795
646,nonché,4910777,9245031607,39.58164706870451
647,mare,4908012,9249939619,39.602660214689415
648,successo,4901024,9254840643,39.62364344227475
649,veniva,4890949,9259731592,39.644583534789135
650,probabilmente,4877040,9264608632,39.665464077357946
651,valutazione,4866817,9269475449,39.68630085120912
652,decisione,4866718,9274342167,39.707137201202016
653,ricerche,4866642,9279208809,39.727973225808775
654,avesse,4862026,9284070835,39.74878948748874
655,parla,4861256,9288932091,39.76960245249332
656,lunga,4861178,9293793269,39.79041508354895
657,comunicazione,4857152,9298650421,39.811210477701785
658,interpretazione,4854673,9303505094,39.831995258272414
659,spese,4851209,9308356303,39.852765208085145
660,alcun,4847654,9313203957,39.8735199375329
661,testi,4846456,9318050413,39.8942695378675
662,destra,4830902,9322881315,39.91495254535908
663,articolo,4814914,9327696229,39.93556710188151
664,sicurezza,4811874,9332508103,39.95616864295822
665,disposizioni,4811017,9337319120,39.97676651487802
666,vede,4810208,9342129328,39.997360923147966
667,segno,4808906,9346938234,40.0179497570395
668,chiaro,4803956,9351742190,40.03851739801778
669,alcuna,4803937,9356546127,40.059084957649524
670,visione,4800133,9361346260,40.07963623084852
671,buon,4797660,9366143920,40.10017691615368
672,moderna,4794869,9370938789,40.12070565208087
673,partecipazione,4793849,9375732638,40.14123002098352
674,davanti,4788536,9380521174,40.16173164282592
675,presidente,4763028,9385284202,40.18212405480336
676,definizione,4758375,9390042577,40.20249654544232
677,principale,4743911,9394786488,40.222807109960584
678,futuro,4741994,9399528482,40.24310946704153
679,richiesta,4739763,9404268245,40.26340227232661
680,informazioni,4731379,9408999624,40.28365918238244
681,mani,4731076,9413730700,40.30391479517509
682,regionale,4724456,9418455156,40.32414206512212
683,simile,4708994,9423164150,40.344303136114625
684,strumento,4705048,9427869198,40.36444731271607
685,generali,4701046,9432570244,40.38457435516823
686,riforma,4695417,9437265661,40.404677297638834
687,concezione,4691445,9441957106,40.424763234402064
688,teatro,4668958,9446626064,40.44475289539951
689,giustizia,4665242,9451291306,40.464726646727115
690,potrà,4663238,9455954544,40.4846918181359
691,industriale,4649509,9460604053,40.50459821025049
692,attuale,4645576,9465249629,40.52448776363218
693,codice,4633918,9469883547,40.54432740449209
694,addirittura,4630474,9474514021,40.56415230022203
695,peso,4629658,9479143679,40.58397370233233
696,relativa,4621440,9483765119,40.60375991992522
697,avanti,4618920,9488384039,40.62353534839862
698,recente,4618568,9493002607,40.64330926982041
699,immagine,4613462,9497616069,40.66306133043106
700,nell'ambito,4602402,9502218471,40.68276603879511
701,piccolo,4601858,9506820329,40.7024684180794
702,seguenti,4577926,9511398255,40.72206833497978
703,confronto,4567060,9515965315,40.741621730224495
704,bisogna,4565200,9520530515,40.76116716207151
705,tutela,4564851,9525095366,40.7807110997111
706,membri,4549167,9529644533,40.80018788792611
707,popolare,4545386,9534189919,40.81964848818049
708,film,4543606,9538733525,40.8391014675489
709,quantità,4541476,9543275001,40.85854532754251
710,ottenere,4533211,9547808212,40.87795380179306
711,notte,4531280,9552339492,40.89735400866674
712,ricorso,4523767,9556863259,40.91672204940761
713,comportamento,4519330,9561382589,40.936071093591686
714,cento,4512071,9565894660,40.9553890591177
715,notevole,4510629,9570405289,40.97470085086979
716,rappresenta,4505166,9574910455,40.99398925335214
717,prospettiva,4468581,9579379036,41.01312102093918
718,nostre,4465070,9583844106,41.032237756542685
719,passaggio,4462097,9588306203,41.05134176355404
720,discussione,4454124,9592760327,41.070411634990144
721,certi,4438173,9597198500,41.08941321386878
722,veda,4437891,9601636391,41.10841358539356
723,aumento,4432857,9606069248,41.12739240436777
724,saranno,4429221,9610498469,41.146355656183864
725,mettere,4420996,9614919465,41.16528369351276
726,umano,4417301,9619336766,41.18419591108115
727,fonti,4416350,9623753116,41.20310405704136
728,facile,4415836,9628168952,41.2220100023637
729,andare,4415706,9632584658,41.24091539110448
730,continua,4414694,9636999352,41.25981644707189
731,partiti,4413541,9641412893,41.27871256658899
732,trattamento,4411272,9645824165,41.29759897161716
733,maggiori,4406531,9650230696,41.31646507854396
734,grazie,4405986,9654636682,41.335328852109605
735,sostanza,4404221,9659040903,41.354185069010214
736,gente,4403586,9663444489,41.37303856722397
737,disegno,4401485,9667845974,41.39188307022343
738,sistemi,4390331,9672236305,41.41067981852499
739,saggio,4383283,9676619588,41.42944639154319
740,scena,4381856,9681001444,41.4482068550084
741,interventi,4377782,9685379226,41.46694987606379
742,sugli,4377080,9689756306,41.485689891578744
743,possiamo,4376743,9694133049,41.50442846426305
744,ovvero,4367869,9698500918,41.52312904383375
745,relative,4356962,9702857880,41.54178292621152
746,inferiore,4354970,9707212850,41.560428280047226
747,interno,4353386,9711566236,41.57906685215069
748,vanno,4350422,9715916658,41.59769273419457
749,significa,4346256,9720262914,41.61630077994013
750,stile,4341502,9724604416,41.63488847192616
751,logica,4340950,9728945366,41.65347380058127
752,compito,4335806,9733281172,41.67203710573216
753,virtù,4324388,9737605560,41.690551525896446
754,dentro,4323684,9741929244,41.70906293195752
755,sensi,4320449,9746249693,41.72756048770052
756,mancanza,4303574,9750553267,41.74598579487558
757,relativi,4301688,9754854955,41.764403027336606
758,religione,4299546,9759154501,41.78281108904608
759,niente,4297686,9763452187,41.801211187357836
760,carico,4294230,9767746417,41.819596489162876
761,vecchio,4293566,9772039983,41.837978948120565
762,rivoluzione,4277236,9776317219,41.85629149187145
763,utile,4274925,9780592144,41.87459414131476
764,secoli,4271896,9784864040,41.8928838224077
765,vivere,4247604,9789111644,41.91106949981396
766,cittadini,4243082,9793354726,41.929235816744715
767,sino,4239945,9797594671,41.94738870293427
768,veramente,4223784,9801818455,41.96547239747306
769,scrive,4219320,9806037775,41.98353697985734
770,esiste,4206499,9810244274,42.00154667045556
771,figure,4203734,9814448008,42.01954452299213
772,nonostante,4201942,9818649950,42.03753470326596
773,zone,4198906,9822848856,42.05551188521965
774,processi,4197691,9827046547,42.07348386527645
775,culturali,4197244,9831243791,42.09145393154896
776,sole,4185978,9835429769,42.109375763607154
777,prezzo,4183687,9839613456,42.1272877869857
778,resta,4183526,9843796982,42.14519912105938
779,basso,4179832,9847976814,42.163094639653956
780,autori,4176340,9852153154,42.18097520761153
781,cfr.,4172342,9856325496,42.19883865854543
782,prendere,4170862,9860496358,42.21669577301232
783,tanti,4170428,9864666786,42.234551029353085
784,tentativo,4168918,9868835704,42.25239982078495
785,diventa,4160456,9872996160,42.270212383038626
786,esercizio,4154798,9877150958,42.288000721150226
787,massa,4142328,9881293286,42.30573567024599
788,conclusione,4141415,9885434701,42.32346671042663
789,ministro,4141386,9889576087,42.34119762644677
790,piena,4137554,9893713641,42.35891213615506
791,considerare,4132385,9897846026,42.37660451532423
792,quegli,4130233,9901976259,42.39428768092788
793,commercio,4127896,9906104155,42.411960840907625
794,materiali,4123668,9910227823,42.42961589914246
795,modalità,4118171,9914345994,42.44724742254009
796,sarebbero,4115892,9918461886,42.464869188634815
797,dimensione,4111750,9922573636,42.48247322118474
798,credito,4108600,9926682236,42.50006376733532
799,capitolo,4104841,9930787077,42.517638219716005
800,amministrazione,4104169,9934891246,42.53520979499817
801,vedi,4102103,9938993349,42.5527725249149
802,mese,4101244,9943094593,42.57033157711195
803,dietro,4097886,9947192479,42.58787625237914
804,raccolta,4097221,9951289700,42.60541808051759
805,gioco,4091032,9955380732,42.622933411092355
806,neppure,4089966,9959470698,42.64044417769833
807,abbastanza,4088070,9963558768,42.6579468267763
808,medesimo,4084780,9967643548,42.675435390059405
809,contributo,4084151,9971727699,42.69292126034404
810,inglese,4078770,9975806469,42.71038409243346
811,case,4065628,9979872097,42.7277906584085
812,piccola,4065314,9983937411,42.745195880025015
813,sera,4064088,9988001499,42.76259585264926
814,aree,4063464,9992064963,42.779993153682035
815,tendenza,4063155,9996128118,42.79738913176324
816,ambiente,4060030,10000188148,42.81477173048001
817,istituzioni,4055954,10004244102,42.83213687822416
818,enti,4045104,10008289206,42.849455572814996
819,note,4037493,10012326699,42.866741681696155
820,ultima,4032932,10016359631,42.88400826312733
821,vale,4030919,10020390550,42.90126622610712
822,singoli,4023335,10024413885,42.918491718974934
823,seguente,4022083,10028435968,42.93571185153419
824,regione,4020462,10032456430,42.95292504394953
825,considerato,4018595,10036475025,42.97013024299737
826,sorta,4017886,10040492911,42.98733240653501
827,presto,4017558,10044510469,43.00453316577456
828,luoghi,4013528,10048523997,43.02171667098574
829,diretto,4011758,10052535755,43.038892598124896
830,europea,4007633,10056543388,43.056050864503
831,limite,4003693,10060547081,43.073192262178424
832,costituzione,3996313,10064543394,43.090302063146794
833,pena,3986792,10068530186,43.107371100937954
834,minore,3985269,10072515455,43.12443361816206
835,tratti,3980523,10076495978,43.14147581587781
836,modi,3971231,10080467209,43.158478230856176
837,vicino,3961552,10084428761,43.17543920619666
838,unica,3954126,10088382887,43.19236838788585
839,avrebbero,3946198,10092329085,43.20926362666263
840,necessaria,3942481,10096271566,43.226142951488185
841,competenza,3936435,10100208001,43.24299639098979
842,viaggio,3928264,10104136265,43.2598148471996
843,operazioni,3924834,10108061099,43.27661861821901
844,specialmente,3922319,10111983418,43.29341162152593
845,romanzo,3919397,10115902815,43.31019211459191
846,provincia,3919278,10119822093,43.32697209817171
847,atteggiamento,3917016,10123739109,43.343742397232354
848,messo,3909960,10127649069,43.36048248675844
849,criteri,3904854,10131553923,43.3772007154734
850,speciale,3898252,10135452175,43.39389067840788
851,alta,3893732,10139345907,43.41056128942963
852,art.,3873085,10143218992,43.42714350245539
853,rendere,3870202,10147089194,43.44371337221468
854,faceva,3869411,10150958605,43.46027985538925
855,scritti,3868288,10154826893,43.476841530555426
856,numerosi,3866636,10158693529,43.49339613285438
857,immagini,3866085,10162559614,43.50994837610379
858,miei,3862468,10166422082,43.52648513354164
859,massimo,3855610,10170277692,43.542992529161474
860,distanza,3854787,10174132479,43.559496401191886
861,faccia,3849262,10177981741,43.57597661850597
862,collaborazione,3834275,10181816016,43.59239267052892
863,evitare,3833427,10185649443,43.60880509192754
864,dimensioni,3832587,10189482030,43.625213916953
865,peraltro,3828788,10193310818,43.6416064769527
866,personaggi,3827784,10197138602,43.6579947384302
867,occorre,3817175,10200955777,43.67433757857096
868,ritorno,3814812,10204770589,43.69067030177151
869,giuridica,3812321,10208582910,43.70699236001308
870,desiderio,3812189,10212395099,43.7233138531103
871,successivo,3811537,10216206636,43.739632554736914
872,oggetti,3804426,10220011062,43.755920811352176
873,conoscere,3801410,10223812472,43.77219615527523
874,costituito,3797150,10227609622,43.78845326044869
875,massima,3791155,10231400777,43.80468469864941
876,maggioranza,3791108,10235191885,43.82091593562449
877,ossia,3789804,10238981689,43.83714158965839
878,tecniche,3781958,10242763647,43.8533336518544
879,moglie,3781296,10246544943,43.86952287976585
880,trovano,3779068,10250324011,43.885702568725634
881,religiosa,3778352,10254102363,43.90187919220544
882,amici,3778176,10257880539,43.91805506215944
883,conseguenze,3778109,10261658648,43.934230645259866
884,penale,3766296,10265424944,43.95035565222203
885,regioni,3765764,10269190708,43.96647838148119
886,corrente,3762810,10272953518,43.98258846349473
887,documento,3757630,10276711148,43.99867636787379
888,voluto,3757182,10280468330,44.01476235418716
889,grave,3757122,10284225452,44.03084808361674
890,fattori,3754834,10287980286,44.04692401721085
891,naturalmente,3747088,10291727374,44.06296678710674
892,tratto,3746736,10295474110,44.07900804995102
893,carta,3740586,10299214696,44.0950229822061
894,completamente,3738515,10302953211,44.111029047688774
895,all'art,3735786,10306688997,44.12702342924008
896,rischio,3734284,10310423281,44.143011380133665
897,realizzazione,3727756,10314151037,44.158971382070106
898,procedimento,3724234,10317875271,44.17491630492766
899,fascismo,3723855,10321599126,44.1908596051359
900,situazioni,3715511,10325314637,44.20676718137074
901,posizioni,3715190,10329029827,44.222673383277275
902,pone,3712581,10332742408,44.23856841502002
903,fondamentali,3712237,10336454645,44.254461973962336
904,questioni,3710254,10340164899,44.270347042895146
905,pieno,3707110,10343872009,44.28621865111699
906,edizione,3701044,10347573053,44.30206428838694
907,notizie,3699814,10351272867,44.317904659539046
908,letto,3697478,10354970345,44.33373502934865
909,dall'art,3697168,10358667513,44.34956407192531
910,risorse,3696109,10362363622,44.36538858050294
911,civiltà,3693084,10366056706,44.3812001378558
912,esser,3692506,10369749212,44.397009220561415
913,trasformazione,3679023,10373428235,44.41276057719641
914,regole,3677892,10377106127,44.428507091571824
915,esperienze,3666730,10380772857,44.44420581699817
916,preso,3657748,10384430605,44.459866086920094
917,storici,3651924,10388082529,44.47550142198809
918,sangue,3650312,10391732841,44.49112985544475
919,mondiale,3649606,10395382447,44.50675526623539
920,superficie,3641692,10399024139,44.52234679405318
921,canto,3634511,10402658650,44.53790757716185
922,tipi,3631045,10406289695,44.55345352094984
923,interna,3630199,10409919894,44.56899584267629
924,impresa,3627388,10413547282,44.584526129396835
925,medio,3626704,10417173986,44.6000534876421
926,trattato,3625412,10420799398,44.615575314322925
927,tardi,3620680,10424420078,44.63107688143496
928,modelli,3620247,10428040325,44.64657659470224
929,personalità,3618967,10431659292,44.66207082778186
930,contrasto,3617220,10435276512,44.67755758126158
931,distribuzione,3604172,10438880684,44.692988471078216
932,libero,3600798,10442481482,44.70840491546266
933,piedi,3599686,10446081168,44.72381659893405
934,ricordare,3599682,10449680850,44.73922826527987
935,critico,3592557,10453273407,44.75460942667476
936,linee,3591927,10456865334,44.76998789078979
937,costante,3591575,10460456909,44.78536484785321
938,bilancio,3586859,10464043768,44.80072161385017
939,organi,3584831,10467628599,44.81606969717479
940,inizio,3577900,10471206499,44.831388106139435
941,campagna,3576738,10474783237,44.84670154012122
942,articoli,3574368,10478357605,44.862004827193
943,nessun,3567810,10481925415,44.877280036865756
944,fenomeni,3567230,10485492645,44.892552763328474
945,impegno,3565240,10489057885,44.90781696981192
946,economia,3559360,10492617245,44.92305600168324
947,cause,3558254,10496175499,44.93829029832991
948,creazione,3557179,10499732678,44.95351999247521
949,misure,3552048,10503284726,44.968727718774446
950,rimane,3545898,10506830624,44.983909114484476
951,potenza,3545408,10510376032,44.999088412310165
952,durata,3541108,10513917140,45.014249300130395
953,esecuzione,3537887,10517455027,45.02939639757211
954,incontro,3536812,10520991839,45.044538892512456
955,pour,3536387,10524528226,45.05967956785924
956,argomento,3535154,10528063380,45.07481496424399
957,migliore,3525300,10531588680,45.08990817174646
958,antica,3519238,10535107918,45.104975425422616
959,dieci,3515492,10538623410,45.120026640987035
960,patrimonio,3512737,10542136147,45.135066061303775
961,relativo,3510866,10545647013,45.15009747112744
962,contatto,3505314,10549152327,45.165105110637064
963,riduzione,3502397,10552654724,45.18010026131275
964,rende,3499432,10556154156,45.19508271764747
965,determinato,3495315,10559649471,45.21004754747231
966,conflitto,3492866,10563142337,45.22500189215681
967,piccoli,3490682,10566633019,45.23994688627111
968,detta,3490555,10570123574,45.254891336648036
969,condotta,3486823,10573610397,45.26981980885277
970,prezzi,3476624,10577087021,45.28470461509339
971,reddito,3475855,10580562876,45.29958612894001
972,militari,3469404,10584032280,45.314440023497035
973,interessante,3469179,10587501459,45.32929295473982
974,qualunque,3464608,10590966067,45.34412631571866
975,categoria,3463574,10594429641,45.3589552497334
976,portato,3458504,10597888145,45.37376247706727
977,settori,3452328,10601340473,45.388543262495624
978,distinzione,3451869,10604792342,45.40332208276293
979,romana,3448635,10608240977,45.41808705699356
980,tenuto,3447040,10611688017,45.43284520239659
981,fonte,3445359,10615133376,45.44759615077191
982,livelli,3440295,10618573671,45.462325418154734
983,anima,3439710,10622013381,45.477052180920545
984,afferma,3435543,10625448924,45.49176110310664
985,classi,3434218,10628883142,45.506464352442215
986,dell'opera,3428956,10632312098,45.52114507306878
987,famiglie,3428606,10635740704,45.53582429520653
988,colore,3428366,10639169070,45.550502489809084
989,caratteri,3424687,10642593757,45.56516493315348
990,talvolta,3422131,10646015888,45.57981643324812
991,sezione,3421802,10649437690,45.59446652476326
992,scrittore,3414202,10652851892,45.6090840776641
993,tradizionale,3407606,10656259498,45.62367339047284
994,simili,3406958,10659666456,45.63825992893657
995,from,3404148,10663070604,45.652834436675796
996,economiche,3401744,10666472348,45.66739865193756
997,accanto,3398537,10669870885,45.68194913676035
998,finale,3397578,10673268463,45.6964955157238
999,ancor,3395904,10676664367,45.71103472762929
